bnn
7,96
0111100
0100101
1010100
1111000
1100111
0010000
0111110
1001100
0000100
0111110
0010101
0101000
0111111
1110110
0011110
0000111
1111011
0010111
0100011
0010010
1010001
1100010
1100110
0000001
0110100
0001110
1101001
1011101
0111101
0011011
1000011
1101101
0101101
1110011
0100011
0111010
0010001
0011110
1100111
0100011
1111010
1111011
1000001
1001101
1110011
0000110
0100011
0010110
1100001
1010001
0001111
1110011
0100001
0101011
0100001
1101110
0011000
0101110
0100011
1010111
1110000
1011011
0011101
1011101
1001000
1101110
0100000
0010001
1111110
1110100
0011000
0000110
0001001
0110001
0001101
1111011
1010011
1110101
1011110
1110101
1110111
1110101
0000010
0110111
0011110
1000101
1000000
1111011
1101111
1011101
0010001
0100000
0101100
0000011
1100001
1010100
96,96
100111101101000001111110101000000011101011000011010001101010110100110010111010000111001001111010
011010010010110100000010010111111000011011110111101100010101011101001101001111011001000111000111
101100100110011011010000111110100101010010110000000000011100101111011110100111111101101001101000
100000111101001111101000100011001001000110000101001001111100001111101011001100101010100001011100
001111010110010100001101010101110110000111101011010110110011110101101100010111011100010111100001
000111010001001010001101001110111000111001111010110101001010000100011010101101110100011111101000
000100110100001010111111101001011010100110011111010011100011100011000001101000011010110000001000
000110000100011110111110100000100000001010010011010101010101100011101001000110101010101011000011
111100010010010100110000010010111000100001100111101000101110001010010111111110000010001000101110
100101101101010010011111101101000011010110000001010011101000110111110110010000000010000001111100
011010110001000100001101001110111100101000111010111100101001000110010100111011010100011011100111
110011100111100100101001101111001110001100100010010111111110011101100110101110000000000011110111
000100011011000110100101011100110010111110110110101010111101110111000001101000011010111111001110
110000110110110101110011010011001111011101010011011011110111011000010000010010011001000101100100
010000111010010110101001100101111010000100011111011111111110110011110001101001001010011000110100
100011110101101110001001101111011111111110001010011011101011111110101010111100100010100111000101
101000011110110111001000101111001100100001010000110000001110001100111110110011110101010001110111
011100010010100000000011011110110110100101111000111110111001111111101100011111001100010101010011
000100100110001011011101000101111011100000001011011101000001010100011001010100011101110101101000
011100010010010000001011101011100010000100111100110110111000011010110111000001001100000001111011
011000010000011101001011100000111010100100101100110111100000101000001111000100011011111100101001
001000011000101110001110101100100000110010111000001110000001100111001000000000011000110011001000
001110000000011011111110001010000001001011101110110101010101100011101000000100101011101100010001
100111110001011010001110001100000000001011011000110101011001110111101010000101101100101101011010
010100000010000001110001010010001110100101100101110010100110101000110111110110001011000100101111
000111101111010000000110001000010101001011001100111100010101110011001111000110100010001110001001
011000111110101101101001110011111111110100000011001110100100001010000101101001010111110000101101
111100011000010000100111001101110111000101110010111110111011010111110100000010001000001001110111
101011101110011000011100000010010101110011001111000100001111111010111100110010110010100010110000
111011111101110000000110011100010000011001110100001000011101000011001110001001110110111011001001
110011011011101010101001001111001010100100011000011011101010001100110110111101000101100001110101
011010001001010100110101011100011010101101110010100010100110110110110000111111100100011111110100
111100111111110010001000101111011100000001011000011100011001011111000100101010110000010001100010
100001100101111111100010110101001011110011010111011001001010001100011101010100111001110001001001
110000011111101110010010011010001001111000010110001001001110001100100011111000100011111000111000
001111100010011010110010110010000101111010100011000100000001101110011100010111101100101101100001
100000111111111010010010110110000001110010010100001001001100001111011011001000100001100001001000
111001101111001101001110110110011010100100001101010110011100100101101111000001111101111011011001
001010001011110100100110001001110010001010110110101000000111010110111001000000100010010010111111
101100100111010001010001010011010111010111010000100010000101111001011010011110110011000100100010
101101011000000110111111000100100111000110011110111010111010010111100010101010001000001001011110
100001101111101111010000110111000001010000001011010001000000111101111011111101010101100001010000
101101101101000001110011011011011011100111001000110110111111111001110110111000000011000100111011
111000000010100101010001110111001010010101111101011110100001011101010111111101011001110111101101
000110010001100010100100011101111011011011110000111010011001011110011010111101110100010111000010
011111011011010001001010101100100110011000111001110100010000101000101111000011110101010010110011
110100111111111010010010110110000001110010010100001001011100001100101011001010100001100001001000
110000101011101111110010111010111001111000010100001001001110001010100011111000100000101000011100
010000000110101111110001010111100010110101011111101111101011011000010001010101001011100101001100
111000111010000100101001100010111010000100001111111010111110110010000011101100001010011100110110
000100010101011010010000011110011101011010010100100000010101101111001001001110111010001100001010
110000101111101110110010111010011001111000010110001001001100001110100010101000100011111000111000
010010011000000100000110011000111000011001110101101011110110001011100011101000000010011111011110
000100011001010010000110011100110000100000111101100010000101100010111001000001010100011000101011
100000110001100100110010010011010011111111010010011001101110000001010011111100101011000100000100
111101000000100011011110101100101100110000111000010100001001101000001100001011111111110001000101
010000010111000100110111110101101010101000110111101010100010010100110001111000001010010000111110
000110000000010010010101011011100111011111111010101111100001011011011000111110001010000110000010
100111010001000010100100001101011111111101110000111001001011010110011010101111110100010111001010
110000101110100101110110000001111011100100000111111111100011000000010101111001011011010000101110
101101010011111011000001111110000010010100110101011010111001111111011110111101010101111001101001
111111111101111101001111110111001011010100100101010010111100001101101111001001100101110011011001
111001001110001101101000100011000100100001001011000101100011111000110111111111111011011100100101
010011100110101111101100101011011111111101000110001001000111011001110001111111001101100110110100
010010100100001110101101100000011011001101001111001111110000010011100001101110111010101110011000
010011111110000100001001100010111100101101011110111101101111011010110011111010100010011110010110
101100100000011010010010111110100101011010010000100100001100101100011000010101111101101001100000
101101101101101000010001111011001000010110000000000010111100100011110110101010000110100000111001
101101011001010000000110111010100000000011110000110100001000100111001110000000010010011001001011
101100110110010000110100101101010111001111001110110110110011110111101100101111111100111110010011
000010000010000110101110001100111101101011111111111101000011010010001001001111111111010111000110
100001111100101111000000110111001000110010010100011000001000100101001011111001101001110001001000
111100010010000010000001111111111100011100111000110110100101111110011100101101011100010111000011
111100010011000000000001011110011001111001100000101010101100011100100110101100000010001100111011
101111010001000000000100010001110001001111001000000010111100110011101011100100100010001100011000
000110111110011010001000100011000101100010001111000101000001101010111101010110101010001110100001
101100110001101010001110000101000101010011001001101101010001011101001100000110001000100101000001
111001100000101111011100100001100000110010111000010100000001100000011000111111111111110001100100
010010000001101110110101001101111111110001110010101011000110010011110000111110000011110010010111
001101100010010101110111010000100111011001100111100000100111011000110101010110001011001010110101
110111100111000101010000110111001100011001101000000100100100111000111110010110100001000111110111
001010110010110101000010011111111001011011110100101000010101001101001101101110111101000111001011
101100110100111011011010010111000101011111001000010110011101110101011110010111111000100001000011
010000000010000110111011010011100110100101101010111111000011011010010100010110011011011110000110
001111011001000010100111011111101001001111000101101000110010110011100011101001000001101010011001
110011111111101110001001101111011111110101001000011111101000011100010010101110000000100011101100
001010001100111111111111100100000100000110001111011110000011110001000001000011111011110101000100
110100011011101110000000111110011000110000111000011111100001001110010000010001011100111001101000
000110010100010011100100001110110101001011111110111001000111010110010001111110111111011111100110
110101100111001000011000100011011001110000010011001001001010011010011010111100100000100000001000
101010110010111111110110110101010011111111110111001011100111010111011001010100011001111111001100
101111011101010100000111111001000110011111110110001000111100010011101011101010100010000010010111
001111100100111011001100101011011011011011000000000100110101111011001000010111111110101111000001
011010010010110101000000010111111100011000110101101100110101001101001101001111111101010110000100
110000100110101100110001010101011011011100010110001011110101011101001101000101011100110111001110
101100101101101011101001000111011111110111001000011111111001001001010110101110000011100100000101
96,5
010000001111111001011000110100010000011110110000110011101101100001011100111010000111101010110110
101001010110000010100011000011001111100100111111101101010110101000111111000111010111000011101000
000110111101001101111111010110101100000011000000001000100000110111001111101111000010011100011111
010011000010010100000110111011010001010101011100001000100111010100010110111100011110110001111111
100011011110010111010111110101011100111011001010110000110011010100010101100000000010001000110010