bnn
29,128
00100000101000110010100100101
11111001101100110000000100000
11010010011111111111001001010
00100100110101101011011000010
11011011111000011111000010000
11010011100010010111101101001
01101010001100111011011101111
01011011111101110001010011000
00111111110111010011100001110
01011111010100100010110010110
10100110100011001110010000101
10100110010101010110101111100
01110101100111100110111001000
11111110000000011001100011100
00101010011001100000110011100
01001110010010000001100010000
00111111101100111001111110100
00010101100000101111111100100
00101010101101100000011100011
10100100001100001110011001101
10000011101100101110000010111
00101101110111011010100101001
00010011100111010111111001000
00101110111001011110000101100
01110111011011111001011100010
11111101111000110001000010000
11011111111010110100000100001
00011000011000101011101111111
11101000010000110100010111011
11001101001001010100101111011
11101111000011110111001000111
11110010101101110000000100101
00111111110010000110001111110
01000101100000001101110001100
00010101111010001001101100011
11001101011011111100100001110
10111011101101000110000110011
10001010001011111101011011010
11011001000000111011101011001
01000100001010110000101110010
11010100111000100001000100011
10000100011100110101010001011
11100100001000100111001111101
10111100110110100010001110011
01011101111011000001110000000
11000100000011111110001101101
01111011111110000011100000000
11101100001111010000001111110
00110101100111010010011100000
11100101101011001000010101111
00111100010011001110001100101
00111010110001010000111100001
01001010010000010001101010011
10100001100001011000110110111
01110011010010100101111011000
11011101111111101000100101000
01011011011100011111100100100
11000100011111010101111011110
01111101101111111101100000001
11101110101000111101110101111
00010110000011000110100000010
11101110011001010000111100110
01000011000010110110111110110
10111111000101000110001100101
11100010011111101110000011101
01110110111100110001111110111
10010100000000011110101100000
11011001111011001100000010010
01000000001010010101111001110
11011000011110101111010000100
01110100100001011110111100100
00011001001111010101000100100
00111100111000010000100100001
00111111111000101001100010000
00001100111111000110111100011
10000100100100111101111100100
11001001001110010001111111111
00100101101101010010101101011
01100100001110100100111000010
00110011010011001000011000110
00111010100111011000101110001
11100101110000000101101100011
01000010010110101001110110100
10100001010000101010001100001
01010111001110000110011011110
10110000101000000010110111101
11010001101010100111101011100
11000010000110101000001011011
10100100000100010011100011001
10100101000100000001011001111
01011011100111101001101010100
01011010000011001010111110100
00001100011010000101101111010
11101101000001111000001011101
01001001101000100111100011000
10111001110111000100011000110
00100000111001011110001100101
10000010010011101110100001110
00001110011101011001100011000
00111100110111100011100011000
10111000011000111110110101001
00111101111010110001011101001
00111001100011101010010100011
01111001111010110111101000000
00101110011101000011010101101
01011001101110011110010000100
01001001010110100001011010101
11101010001111000000101011111
10111101100000011000010100111
11000011000010101101010010000
10001010001000000110001101111
00010011000100110101010101000
10110011111100111101001110111
10000100000111001101010011111
01001101011010101100001110000
01010001010110001100011100000
01101000110100011111111100111
11011111011110100000110011100
10111011111011110110011000010
00111111101111111000110101110
10100000010111111111101101111
10010011100000001000011101011
01111001110111110001010101010
11001010001100010000010010110
11000010001010011111000011111
00101000000111110000111001100
10011110111101100111101110011
01001000010100010001111011110
128,128
01001110000001000000001000111110100011010001100101101001110110111011000110101010001000011001111110101100110111111010101010011111
01110101011010111011011011100001000101110100101100110001001010000011001110010001101110100011001101111011010101110011011100010100
00101100101000100000111000000000011011000101101101010101101010111011000000100001100101101100100000011010100000000100000011111000
10110000110101110001100011011001011100111100001100000010111001001110111001011011011010111110110001110000000100000110010010011101
11000110001110001101011011011110111101110010111101101101110100110011100000001101010011111010100000001100001101111110010011101101
10010010010101011110100101011110101010111011010101111000101101000100010011010100111100011110111010111000111100011110100011011001
01111100111110000101001000101101111101000000000010010110110000101101101000100111011011100011010011101011000011000101111100100000
10110010011111111001101000010010000001101110000000000010011010001010101001010001000010111110101000110000000101110100010011011001
11011001000100100100000011111000011011101111000000110100110101110111010010101001111010100100100111001101101110101001011011011011
11001011010001111100100011111000001101101100101100110011101101010001010001101001001010101010101101111001111111011110110010100001
11111100101111001011111100010101011111101101101110011110000111001100001001010111110101001110100111111111000100000100001111100111
11111000000101111010010101011000101011111101000110111000100000001100001011000001100100010001100001110110111011010011010001100011
10111100001100000001001101011000110111000101000001001001010011011010010000111111010110110001100011001000100100101011001010001111
01001100001010001100011000000111100111010001111110100001100010010011001111100110000011110011001110011101110001111001111001100010
10100010101111101011011100001001001011000101010011010111001111011110001011010100100101001101000011011110100000010100000111100100
11010110100010000110001110101111111000000000010111110100110101110011101010101111111111100101010110000010010011000001101111000000
10100110011111001111001000110110111001111010110010000100100011111011100110011110011001001101000110101100000110111101100010011010
01010000111101010010100001111000110101111111000101010010000000001100010011010010101100011100100110010000111011011111000110111110
00010010100101110001010110011110110001110010000101111100010111000100110000001010101011000001110001110100100100000100010110100101
00100101110010011000111011011110111101111110001100001011110010101001100001011111011010110110101000000001000101010111100001111011
10010011001101001111100001011110111010111011001111001100101100110100010000001100011011100110111010000111001100101100110111011111
01001111000001010000101010101101011011110111100001101110101000100001110000101010111010011110110001000010001111010111110001111100
01101011100101100000000110111110010111001100100001000111010100010001011100101101001000000001101010101110000111111111101110100110
11101010010101111011100100111111100111110111010100000000010100011000110000101010000110011100011001111000000111100100111010011110
11000000011010100111011010110001000111111001110111101101100011010011001100110101101011110001000101001000010000100111010101000100
10111010101111110101000100001110110100100010010000110010011011101100111000101111001111000001100011111011101011100011001010100001
01101100010000000100101011111011001110001101101000010000101100110111010000100000010000101100001111000001111011001001001011000010
01011011101110100000010010011100010001000110101111100011010100011001110000111000000010000010101000110110000010010100101111101000
01011011101010100000100010111100010001101100000001001110010101011000101001111100010011100110101001000110000110011100010111100011
00101100110010000000001000001000111111001100101010001010100000000101001011000111010010101011001100110101010001001111110000100001
10011101000100111010110001111000001011110001100100111000001010011100010011100000100101011011100101010110100100001010010001111110
10100010101001001111101000010111010000011110010100001000000101101100111000011111011011011100001010010000000110010100100010000101
11001010100100100011011100011010001010111001011110010101011110010010001011000100100101001010111010111110100100110000011110000110
01100101010010001100101011100111000011111111001000001010011000001011000001010110010000111010011100100110011000011110011111010010
11101111000010001110001110101110000110111001111010010010101110100111011010010010101001110111101110001111010001011001101101110010
11101110010100001110100111111011011011111111010000010101001101111111000110110000111100111100010111100110100010101100101111000010
01010001111010100011011101100001100101010000101101100111100010010011011101101011001011100001000101110001010000100011011000101100
00001101001101110010000010101001010111111101010111010001010001101100010100011000000100111110010001110100101101001110011000110000
00011100001000000000011101110100100101100101111101101001001011010010101110101101100100001101100110001101110110101010001001001011
01000111100001110001010001010111001011110011101101001101110100100000001101001100111010011001110000101000001110011110010110111111
00000111101011101111010000010011001011110011111111001101011001110100000100001000010001011001010000100010001100011100100010001110
11011010111100100111100100111011000011011010010011110100010101110001000010101101110101010000010111001110110110101100101111000010
10101100001100010011110101011001100101011111010100100001110010111000110100011010001111110100000111011001000111101010011010001110
00110100011101010001100100001100110101000110010110001010110001001110100000101011010110101101110111000000000100100011101000001101
00110000010111111001001111011000010101100100110100000011110111001110011001011001001010001100111001111001000101010010010000101101
11100001010000111110111011010001001110110001011010010011100011001110011111010001001110000110001000111101100000100010110001100100
11101000010001110010100100101001010011001110100000011011001000000101000011000000101100011000010110001100101011011110000001110110
00011110010101101111110101111000100011101011101111001000101010010010011110101101110100001000010111101011110010101010100001011010
01000110010001100110111110101101011101001110000001011100101000001001100010001101100100011100000110001000111011010111000001111000
01101111010011010001101011100011110101100100110001001011111110111000110000110000001011110110000001001101011011100111010001011100
01001100000110001110111101100100001010101111101010010011100011011011111110110100010100101101000111010001101010101011101001100010
01010100111010010011011101100111001110101000101001110011111010010010001111100110101101100001011101010011111011100011101000001101
11010010101101101010110100011100111001011100001111111101000101110001001011010101111101001100100011111111100100100000101110101011
01111110010000000100101001100011010101101110011001000000011111001011111000011011010001101100001011011001010101101100001110011000
01001000001110001101110001101111110110111110010101000101001100111001000111001100011101101100011011100110001101101110010001011010
11000011110000111110100011111111001010011111101000111011001101101100010101110110011000010100011101000101101111000111111010100110
01001100101000001111010110100111011000011010101011111101001001110011101110100110110100011101001111000011000000111100101111001110
00110001000110000001011110011110100000000000010110110110010001111110011100010101011111000101110001001111000101101001101010000100
00010011001101111010000011011100010001100110101101100011110001000100111000111000101000000011110001111111101111000011010110100001
11101100001101010001110100000011110101011110010101000101011010101001010000101011001101111000011011011010100101101100001010011000
10000011101110000100010000111111010110001010110011100101001101110010001100111110011000100011111111100011100111101101100110001110
11110010101100100010011111101101100010001111010111110100000100101100000010100100110101001101110110111110000000011100101111101010
10110010001110000011110110111110100101011101010011100000000011111011110010100110010101011110001110000110101010101001101010101110
01101100010001011001111100000001110000010110000101011100110101001101100010000010100111011100001000010000000011010110100101111001
10010010101111101111101100000111010001010110010110010100111011011110100110110111110011000100010010001110000001000100100101101101
11000001110111110000110001111101011111111111011001001011101100000100100000001100011001001010010000111101101101011110010010101101
10000010001111111011010010000111110100110000010111101011001111001100101100011111101101010011111000110101000100010110110110100101
11100101001111000100011000110110100110011010110000001011110110111001001101111100001011110010001001111101001001100011110000001010
00010111101001111100011000001010011010000100101000111111101101000110101001101101110000110010101100010011111011010100110101110001
10100110000000011101001010010110011001111111001000011000010110000110101001010010010001111110100000000000000010111100110011011111
00111010001101110000111100000000100110000000011000000011110001001010010000000010011000101100101001111000100101100110110010011001
11011000101110000101011110000001110001000000110011000000110010010011111110100101000011110001000010011000010001100001110001000100
10100110001100000111100101111001000001111110010000011100010011111110100000011110101101011100100110111100001011111000101111011111
11100001111000011000001000110010100100010001101010100011110111110010110101101001001011010001101001011011111111100011110000101100
11010011101101101111010111100011000001100101010011110100000111010100011011010100100101001001010111011110111010001000111110100110
00110110110001111101100001011100001000111110100100000110111111001110111001010011001011001100111000110000000100111111010110000001
00111111001111101110010110011000000011101011010000010100000010001110001010100100100100000011111010111110100111011000000101110110
01101101110011101001011011101000011111000100101000010011101101010010011111001001111010100010111001111011011011000011111100100101
11111010010001110010110011111000001001111110011001011001100100001001110010000010100111011100000000010100111001010010011101111000
10101111000101111100100011111101000110110111000000011010011001111100010000010100001100111110100000101111101010011110100111011111
01001000110111000000010100111100111111001000011111100101100000010001001101101111100011100010111111111111010110100000010100101000
11110011000101111110101100010110100011010101000100001001110110011010110100101110000110011000101110101100100100111110000011111111
00010010111101110001000000000011110001000010000001000100010011000000101100001011100111001001111000000010000100110100110010011101
00111000110011010001001001100000001001101111101000011000110010000011110010000011010110011100100110011100111001011111001001001011
11011011001111000110011110111010110000000001010111110100100101110011111010100100111111000101110111001011101111100000100111110000
11100101101010000011010110010111100011111101000010101011010011010110001100111100010001111010100101110101000000101101011010000110
10000100101101010011110000000001011000011010010101001100011001110001100100011111100111110100010011000000010100100100000111011100
00110100010101010001010001111100101100101001001101101111010100101000000001011100011000011101100101010010001110001110000010011011
10010011101110100111111101000001110001100011001011110101011100111110101011000100100011001101001001011001100011011100110011001100
00001100101000101110111101001110100111101011111001110101001000010000100011100100010101001010101010111111100101111000010111100100
01001101110001110100011001100101110111111111101000001011101100000000010101001000001010110011110001111001000101011111010000101101
00110101100011110001001011000100000100110001101100101011101011000000111111001010001110100011101001111001001101010011010100010101
00000110010000001100101011010100001111111111100010001010111110101010100001010010010100111110001000100100001001011110011111101010
11110101101010011110011111100111100100010101111011100011001110000010011101111000100011110010011010010111010101100001011100100100
00111001110100101101000101011010110000001011000000001101011100001110111011110001010010000000101010110101100000110011110110100101
11101000011110001100000010100001001101010101110111100111001011011111011001110011000001100011000110001110011010011111010101100010
11010010001000000011100011000001010011011001110111110100101111110011000110001111101111011101010111011010110110001100001101010000
00010111001011011101001000100100010100010000110111100110011111101101100000011010001010110110001000000110011101000101001110100001
00100000011001110010111110101001011111011001101101010011000011101011100011110011111100011101100111011000110011001110010001110100
11001101001101101000101001110111100110010001011110101001110000111100000101011000011100110010111001111101101100001111010010111110
10011111110010101110011011010000111000100001101010111010101000110110101111110100110010000111101100011111110010011011100001000011
00110001111011111000001000000100110101010000111101000111011010001000111001001111001011110111101000100001011101010111010000111101
11111100001000000001011100010010000111010101010000001001010010101000011000111110000100111011000111001010001111101000001010010110
10100110001110011111100100111011100100011010010100000100010110111111110000011110001111000100011010101110001010110000000011011110
01001001010001011101100010110011110101111000101100001011110000111101110100111010001010110010010101000001011001111011011000110100
10010001010011111111000011101001000010110011110010111000101011101110011011010000001100010101101100001000111011110011100000010101
11000110101111100011101000000101001001111110110111100101111111010111000101011110100001111001010101000000010110111100011011011110
00110000011111011011000110001000110000010110010000011010010001101111011000011011111010010101011110000000111101011111001000010001
10100110000101101111001000010010000100010111010010011001110011101110001110010011001101001110101010000100000010110111100011011101
01101111011001110001011101100110000110100101110100001000111110101010011101001000000000111101111101111100110101111010001000011011
00010110101000000001111000011110000100101110111000000110010111101010001000001110011001111100101100111000000101110100100010011000
01101100011011010000011101101000011001001110111001011000100010001001110010010111100111001100000000011000111001010101010101111010
10011101100101110011110111101100001110111010011101111110001001110000000011001101110101000100010001010010100100100001000011011101
11011011110001111100110101100011001110111111101010011011101101101100001011010011011000010110101110111001100010001110111000100111
00010011101100100010110101011101100100011101011101111100001101010100110010101100010001000100110011000100101100100100010010000011
10111111001001111111110101011010011101001110000101010100101101000100110110010001011101000100110010011111101110001100000111111101
00011101110011110001001111000110011001100000101001101110101110010010101111100000100010101011111001100001010001011001000100111001
11011001101010011110000011100101010111100001011111110010001100100001011101100111100010100011011111010011011111001001011100100010
00011101101000010101000101000001000001101111101100100100010010001111011111101000010001100011000011110110111010111100011101011011
00011100110010010000000011101100011100111101101001101011010011000011101001101111010110110011000011000001011101100011011000001011
11000010101101101110010100110011000011110111011011110100001101011110001111010100100101001010000111111111110000100000110110000110
00101101010000010000001011111110101101001000101110001000110010100011100000101011010010110110101010100000011101011011001001110011
11001010000001110000011100110110100011110001100101101001000110110010000101001000001000111101111100111000101111111011010000111111
11111001110010000010001011110001001011011001101111000100001000100001011110010001011010100010000111001110000010011101011111100010
11100101111010001100001010111011111001010110100010111010101000101101101001110110011011110010001110010011110011011101101110100100
00111110101101100001100101110110000110001110001001100000010101011001010000100000010100001100000011010000100101000100100010001011
10110010101100001110110010011111000001001111010110100000000101111001110010101101011100011110101110001110101110100100101111100010
01101010011101100011100101111111100111111110010101000100011100111000011000000100001100011100011101011010001101100100011110011010
128,25
11000100010101000100101101010010101010110000110100010001001001000011100001101110111010000011011000001000110001000100111101100011
10000010001001111000001000100111101101001110000111111001110111111001000100101011011101111100010110101000000110111110010010110111
10111011011101111111100000001001000100111111000010001110010000111011001010110110111000110010011011111111110001111000000001100110
00001110010001010001110000111110010000000000010011010011100000010001100101000110100110101111110001011100100000011000110101011000
00000010001101110100101000111101111110001100011100010011100011001100100000101100100001001100011010001000001000000101111010011000
00010010111110100111011010111110100111000111111011111001011000000101001011101111000111010011000010111000111000001110000010001100
00110010001110011100101010100110100101100100000100011000111011111000010010001011001111111000001111111001001100111010001010110111
10100010001000111101101100100010100001101100011101010001110011011000101100101001110111111100110110110010000010010010011010110001
11110010100011011010001011000100000111111111001111010100001110000111000100000100100011110010000110100010101101010000110101110000
01100010101011110110000011001010100011100110000000011001111101110010010101101010100111111101110111100110001000011011111110010111
01110101011100000100001101111010011101100110111111000110001100100110000000011111000001000100111101000111000101010101011101011011
10111110001100111101100011000100111111110110001110001000100111111000010000101011100101111100000110000000000010011111001011101111
10110110000010111100011100010001100000111011000110001001110101001110000100010100000101111100010111111001001110010010001101011111
11011001000111001001000110101111011010100011110001110110110100110001011111010010011101001001111101000111110111100010100101110101
11100011000011111000001110100000100110100111111110111100110111101001001111101000111011000100011010111011010011100100000010101011
11011101110001001000010011100101111001011100110001000101000011100001111001110101010101011010100010111100111111100101101001110110
00011011001111100111001011011101100010011000111010001001101000011110110101010110111101001111101100001110001010010100100110101000
01110111100000111010110001000000001010000000110001010000011000001000100111111100001010100001011010001101110110101001101000011000
00100010101101011101001001011001011101000011001010101000101011111011110110001011010010100000100101111001100110010000011101101010
10001001101101101010100011010010111101101101010101100011001001101010011110101011010101101100101110001001011011011011001010010010
11011111110110000111111100011010010101011011101100100010101100010111111011011011101100110011100001010011101101111000111101100001
10110001001000100011110111000001100001111011110001001111001111011111001100010001011001111111011000110111010011001111000000100101
00011101110110011110101111111101100011000111101011001100011000101100011101110010111110101000000111100101100110110011011010100111
00010100001000011101100101000001010100011111000100110111110111110010000010010000101101110000100011000001011111101011010101011111
10100100110110110100111100111011100101111100001010001001100111101101110000101011011011111100000010110010001010101110001010000111