bnn
8,128
01000010
11011001
11010011
10111001
10111011
00101011
01000011
11010111
00010110
00110111
00011011
11101110
00000001
11111110
00101010
01111100
11110111
00110100
01001011
00000100
10000011
11001101
10010010
00111111
00011101
01101001
11101011
10001000
10000011
01011100
11000111
10100110
01111111
10101111
00000111
10001001
00101011
11100011
10010010
01101101
10000100
10111001
11001100
10111001
10111101
10011111
01111000
01111100
11101101
10000111
01010111
10000011
01000011
00100001
01000011
11011100
00111010
01000011
00110100
10111100
11000111
00111100
00000011
11111001
10100110
10001111
01000100
00100001
11111000
10111000
11110110
01010001
00000001
00010111
01001100
10110100
10101001
11000110
11111100
10001000
11011011
10011100
00100001
00011000
01011110
10010001
10110000
11100111
10111101
00111101
01110011
01001010
01011101
01111111
10001011
10111001
00001000
11101010
01001000
00111101
11001000
01011101
11111101
00001101
11000011
11011001
00111001
00001010
11011110
10010011
00010010
11010011
00000011
10011100
00011001
10011001
10101000
11111110
00010011
10000011
11100010
00111001
00001000
01001011
11100111
00010010
01111111
11001100
128,128
10100010111010001110010111000110111110001010110001111100011011101111000111000000001010011101110010011100000001101010001100110011
10001011111010100011101111111000000100101011111010111011000000000010111101000011110101001101101110010111110110101110001100010001
10000100100100111101011011010111101110010000010111001010011011101111001001100100101110100011000001100100000000101000001000000000
10000100110100110101000001011100111011010010001101100101011111000111000011100010011010010101010011111101001100100100101111101011
01111001001000000100100011111100010101101101110010101001001101110110111111011101010011011100001110111111110111011111111100101001
11101011110011011111101110101001101111100101001000101110111001111001011111010100000001110011010101000000010001111000011100011110
10000001100010011101111000010111000001101010110011000101011011111011111110110111001101101010000000101111011000001011000010000100
11100010010010100000001001010101100101101010011000011111100100110011101111110000001111100010110010100001111000011111101011101101
00100001010010000001010110011110010100101101110010010001010000000110110110011001110111101010100110010111001111110111011101100000
00000101000101011101011000111011010001101010110101101001001111001110101000111101010111101001100001011000000111110100111110001001
10000011110101101010101111110001110111010011111010011100101101111111111000000101101001111011001100000010101100001000110110110010
10000000011010000001101010001101111000111101000010010110010100010011011111011011101101100111110110000100101000000010100001100111
00111101010101111100000010100001010101000100101110001100101110011101111011011010001000111110000111001010001001010110101010001110
10000101110101010101000110000001100011110010101100010101100001001011111001110010011011011100011001110001011000100101011011001111
10000010101011010111011100010011001001111000011101101011111011101010000111100111011011111000000000001001010110101110011000011101
10001011111010100111100000111001000100111000011000111011100001100010101110000101111111000001100010010101101100011110100001110000
11000101011010000000110111101010101011011010000001110100011110100111000111110101000010010001011010110001110010010011000110001011
10001100010100100110000101101001011011010100000010001110111110100001001110000100001000010111001001110000100000100000111011111110
01111110011101110101001111111100011101111101100110001010111001000100011000011001011001111100000100110010011111111111111001001001
11001000111010011100000111110100110001111001011100100011111001010110110111100010111011000100000010110111011010100111011001100110
00011100111001111000001100000101101101011101111110000100100001011001011101010010111100001000010011000111000100100100111001100111
10101000001101011101011001101011011001111010000101000001001111001110000001111111010010110000001001111000000011110100011111001111
01011110110101101000111100111011010001011100100011010110110110111111011000010111000001010010001001000000110110001001110110001000
10010010010100010110000111100000100010110101001110100101111101111000110010111010011100000111010111110110001000001110000011011010
11001110111010000001100101001010011101110000000101011001110110100110000111000010111001010110001011100001111010101101101111111101
01111001001001011000001000111111100101100101010101110010100000111001110101011100100111101010011100001100110011111000011100000110
11100001100101010100001000011011010101101010110101100001011111001110001000110110110101111001000000111000010011010101110010001001
00100101101010000111010011000100100110100010111000101100100101000101100111101000111110101111110010111101001001110110001001100111
11001100110100110101000101100001111011010000001100001110110000101011001110100000000000010110000110000001101100101000111011111010
11000010111010000111110101011010011001010000000011111011111000001010000111100101110110010111001010110101110110101101001100111100
10111101000100100001110010101110011110001111000011010100010110010101000010001011101101000001101111101101100101010010100111110001
01111010101101100010101000011001000001100101011000010001100100011000111100011111110111100001001011001000100101000101110011101100
11011010110011100011100101011101001100111011011010111011010000100001000111101101100111100101100010000101100110101101100110110101
01001110110000010000001010100100100001011000101100100100110101111011001000010011001000111010010001000011010000100011101001001110
10111110010110001010101100000100101001101100011000111100110001111001000001011000001100110001111101000100101001111010001101001110
10000001111010100110100101111101100100010000001000111010111000100011111110100100111110000011111010100101100110111100101000110110
01001001010100001000110010101011111101011001110011110010010110100110001001101100010001011000111100010111111010011011010100001011
11100001100101010101011000101011111010101010000111000001011111001110111001110111110101110000001001111010010010010101011110000111
01001000000001010001011001010100000000011111100100000011000001010100100101110011110111000101000100101011011110100111101011000101
10100101100101101111011000111011011111000000001011001110011010101011010010001111000001010011101001000000100101010000110110011100
01111001011001010001111100011000010000100001110100000011001101000100110100001011110101101000101110100011010111110101111111110100
10000111101011111111000000010011011010011010011111000100011111101011000111110101000010000011110010101001000100010000010110000011
10000110010100001111100001011100101011001000001000111110011000111111000010001101001110010111111111010101100101101000100010110010
11001010100011000010100011011000011101111010011010110001010001100110001011100101000011010001000110111011110110111111001100111111
10000101101000010101010110010011001010010010010101100100011101101011000111100101000011010000000010111001000100110000001000110101
00110001111010011101010011100000001110011101101100100100011001010000001100110011011110001110110000110011011011010111000000000111
01111011101010001010111010111011100111100101110011110101100110110101110110011011101001101011001101001010111101110011100101011000
01001000101001011100001010101010010101110011110101100001001111010100111101010010111001111100011000011010010011100111011011001101
11100111111000100011111000011110011100101010010001010011010010000110000001010111110111001001111001000100010111111101101110000001
10001100010100100000110000111011011111011000100001011010100010111010011010101101110001010010001001000000110110100001111110011000
01000100110100100101110111110010011011011010101110000101011001000110000010100000011100000101100011111011001100000111100011111001
00011001110111001010110110111111011001010111110011110001010110011100011001110101111001011100010100000111111010010110010100000011
00100011101010010101011011000100100010101011111100100100101011100010100111100010001110000111110010111111001001110111001001110111
10000000100101001000010000010111110101001010111011010001001111001110111000110111010001111000010000001101101110000100110110001001
01001000110001010101000000111001011101010011000110010001001100001110000100010111110001010000001100101010000110000100110100101001
01011001010001011100000110100001110011100101101110001101101101111001111000011010010000010100010001011010111000001100110111001100
11001110110100000011100000111011011110010000000011011010010010111111001010000101100011010011001010000100110110101001101110110000
01100001011011000111010111011100010100001101110111001001100010010100110111001111110111001000100110010111110111110111011101100000
11100011100011000110000111111010101011000010000000011011011000100010000111110101010011010001011011111001111011101111011100001111
01110110111010100010100110110100100010000101111000111110110000110101100110100000000111000110111111100111101110101010001101110100
00110101001111111100001111000010110000100111111110000001101101010000110001111010011001111100010101011011011001010110010011001111
01010100100100101000110001000101010100110101110010110100100100011101101000001010101100001110000000011110001000000010100011100000
11000100111011011100001111000001100011110001101100101111011001011011110111000100110010111011010000010010011010111101011100001110
11100101110101001101101101010110001010101010010001010001111110000010001000110100010111000101101000110100111011111101010110000101
11010110011010100010110111111010101010010101001001111110001000110001010111101000101110010110111111010111111101111011001111110110
11110101000101100001101000011001000000101100100000010111100000001000111011101011101100100001001111101010100101010101010010100100
01000110111110110111110011110000111011011010001011010110001100000111001010100010011010010101100011111001011100000110100111111001
01111101110101011100000100110001110001010111111010000000001101011100111100010010111011111110000110000110011111010100110111000000
11111001100101001110111110010011100000100101000000110101101101011100101011000111111011110011010000000010111011110111011101010010
01011110011100100010101111100100111110010100011010110000110111100100000001101000100110000111011101000101100100100010101101110011
11101011111010011110001110101011101010001001011000001110111001111011001111000100101101100011010000000000010001111011101101010110
00000000100111010101000011000100101000010000001100101000001101101111100001110101000110010101110001111101000011101000011000000110
01011110011010111010100111100100100110010101001000011110000000110001000111001001001100001111010110110111111100101011001001110100
10110101000110000011111000110110010110101011100011110100000110101111000010111011100000001001101101101111100110010000100111110001
10000110111011100011100100100001111011010000001110011110111001100001010010100001001000110010010010000001101100001100110111111010
01011111011010001110001111110000101111010101001010101110110000110001000111001000101001000111000111110111011100111011001001010100
10110001000101000001010000010011000000011010011011010001001111001110101000111111010010001000100010000000100110010100110110000001
10100011000000000110111000111111010110100010111011011010001010100111110110101101100001011101101110111000100111011000100110010001
00011000110001111001011111000001111111110100101100100101100101001001111100010010011001001100000010110000001000101110111001001010
00000000000010000001011000001011101000111000000101010100010110011011110111111110001001101000100010101101011000100111000110001101
10100110010010101011100110000011101001010100011000011110110001101001010001011001001010110010010110000001101000101000001101111110
01111001001011001010111000101110110111101111110001011110000000110101100111001110101001011001101111001011110101110011111111111111
00100110011000110011010111011110011101010101010100001110010011100111010110101001100110011001101000110111100111101011101011110000
00111100000101101100111001100011110110100101001011110100001111000110111001011110101000110111011101111100101000110000110110000010
10000110100010110111001100010101000000100100001100001001101101111001110110010110000110100011101011101100011110101001101011110100
11111111101101000011111100010100000100000110011001010011100110000100010001100011111110100101101010000101010000110111010001110101
11000010101010100011111000000110001100100010010011110100010110100110000001101101000111000011101010110111100110101010100101110011
11110001111011010100000111000100100000010001101110000001101101110010111111110010110110001101110010110110011110100111101001010010
01111101011101011000000110100001110011000101001100110001111111011000111101011011100000011100010001011100011101110111111011001110
11010101100101010101010101010110010000111111110111000001001011000110100010101011110110001100000110101111001110000110110011110001
00111101000111111000011010100101100011100111110101000100000101010101111000011011001101111010110101001110001001010010110010001011
00100011011010100011110111001100101100001011101100010011110001010110010101100100110100001101111011110111100011111100001001110111
11000000001100100100010001110110011000011011100111010001001110000110001010100011111100001100100010111111111110000110110011110001
11101110101100001000111000011110010100111010010011111010000010111110111100010101100011100001101011001100110111011111101110101001
00000111111000111111010110100101111010011110110110101110010000001001000111100000011101001100110000010011010011010110000011010011
00100011110101111011011100010011011000101000110011001011110011101010011000010101000010100010000000000000100100111000111100000100
01010010111010100010100000101101100100010111001001111011110011101100001101100110111100000101111011100001110000100100001000110111
01100011101000010010011001110100001110101011010101101011010010110110010101101101110111000011111100100111011011111100011100010101
00000111000000011011010001001000011011010000100100001111111100000011000111011100000000010110000001111011010001111011001010011100
11101111001101111010010101100011110111010000110101100001101111001110100000101110010010001011011001111111010110110101111110011010
01001110110101100010101100111011011101011001000011010010010010111010001010010101110001110010000110000010100110001001110110111000
01000111101110000011111001011110101111101000010001110110010011100111000011100110111110000001101000101101110000100111011101110101
11000010111010000011111000011101100110111011111001111001100000100100100101100111110111001001110110100111110110111101011001010110
11100001001101001100111101011010000100000010011011011111001010110110110010101101110111101001101111111000101111011001110110110001
00111001000001110001001100101111100101100111100101000100110111001001111101011110001001010111011111101010001001010000011000101111
01001001000111101000110010011110011001101010110001111110010011110111001100011101100001011000111000010011110100001001111100001111
00000111110000111111010110000101111000010010110110101011010000101001000011100000000101001100110100010111000011011011000011010011
01010000001111011100001111000100100110100111111100100101111101010101010011011010011111000100110100111111001000010111010001100111
10110001000011010101001110010101101100001111000100000011100000001000110110111110010110101101101100111110011011010111010000000101
01010111101010010110010011110001110111010101101100101110001001111101100111111100101001011011010101111010011000101011101010011110
01111010110001101100001110110101110101000111101010000001001101010100111111011011100111111100010111000000000011010000010000001001
01010110000101000010110011011010110011011111100110100101001100010101100010111111111001011000111111111011010100001101110010101011
01101111010101101010101001101001110111001101011010010001100100011101111000011110101110011101011101010010100001110001111110011010
11101001011110011001101100101000101001101011010111010010010011000010000000001101000001011101101100000000011111010101101110011101
01111011001010001010111010101011010111100111010001010101100110111101110011011010111101111010011101001010111101011011101101101111
10000000010010000101111011101010001101101110000101000101011010110010010111011010000001110100001001111000001111110110101111101110
01010110010100010111001101010011010111010001100111000100001111001011101000110011000011101110000001110011011000000001100011001000
11010010010100000110110011111010011101111010011010101000010000100110001000111101010100010101001111111001010110001001100110001011
01111111001010101000100111101010110111000111101010011101100000111001110100011011010001011100011111111111111111011011100111101011
01111111011101111010011100010111110110010001111111100000100111000100110000001111110110101010110101000111110111110101111001010000
11011100010101101100101100111011011101010001100011011111010010011110011000011101110001110010001101000000110100000001110010001000
01101111110101001110001110011011100010100000110100111100001001111011111011010100100001111010000000010110010001111001111100001110
00110001001000101100100011101011110011001101001010010100001101011000111100011110100000111011111101001000100001011000110110001010
10000100100011110101000011001111101011011010001101100101111111000011001001110110000110000001110010111101000010100000010100100010
10000100100101001101111000011111001001101000110001011010011011101011011001000100100000100010100000001100100010111000111010001100
00100001011010110001001110111100011100101100000110101110010001100110011111001001001111100101101110010111000101101010101100100100
10001100101001010010010011010100010000010000111100110001101101010110100101110010111111001100100010111111111000101110001001100101
10000010010110101010000001111101001111010000001000111110111000111111000011001101001110010111111011010000100001101000001110011100
128,5
00000001101100111001011010001101100100011110100011110110111100011101000010101101101011100001111111001111011000110100010110001111
00100010011011000111110001011011011010010100011100011001000011000101000101100111110100011110110000000000110100111010101101110110
00111001111111111000101110100101010111101001000101110011111000111011101000010010000100001100100010111000000001101101110011110000
00001100100011100001001101000101001000111110110001010111110001100101111110011010100111011000001100011001101010110000101110001011
10001100011110011001111101100110010101000011011000000111111000010001000000101010010010111101001010011000101110110110011010100001