bnn
20,128
01000000001101111110
10011011101110110100
01010010001111101111
10101100001110001011
11111001000011011111
00101111100000001110
01001011001001111100
00110000111110010011
00010010101100110111
00111100000111001011
10000111100001000010
10101111010100011010
10010101010110111000
10111100000010110011
01101010101000001010
00111100111011100001
01101110111101111101
01110110001001001110
01001001101111100011
00000100001100101110
11100001111100000011
11101101100100011100
10011010011100101101
00110111011001010111
00110101010010011100
01111011011000011100
11101110110001111100
00001010111000100001
10010001001110111110
10011100110010110101
10000110010010111111
10111000011011110100
01010111001000000010
11101111111101001101
01000001111011110011
00001001101010111101
01100010001001101110
10100010001010011010
11110010111100110100
00101000101010011000
11000101010010001011
00100000011111001010
10001011111111001101
10111101100111000100
11101100100011000001
11110111100010010011
10100110100100110010
01011100011111111000
10101101100101010001
10000001000110001010
01010101000011001111
11011011111100010000
01001001001000000000
00100000111011111110
10010111010000001111
01001100001100111001
01111101111100010100
01010100110100110111
00000101111110001011
11000110100101111111
11000111110001101000
00111110011000010000
01000111010000111010
11111111000000010000
11001010010100101001
11011111110100110101
01100101000000111111
00100001011011000001
00111010101001010011
11110000011111001110
11100110100001001111
00011001001111101101
00000101110010000000
01110100111010000000
00001111111101000000
11111100000000011011
11111000100111110011
01100101101100011010
01011000111000100101
10001010010111111001
10010011001111001011
11001101110011101101
10101011011100001000
01011001011001100000
01010001101010100110
10010000111010110100
00110011111010000111
00101010001111111011
10110101100100110110
10110101110111000101
00101011011011000001
00001000001011001100
01111001000000010101
01101101001011011111
00001011101000001111
10101000101110001100
00100011101010011100
01001110001001101100
00001111110011111100
01000100011111001110
11001000000000110011
01010101101101110010
10111011000010000111
10001100000010111111
11010011110100100111
11100001001100011110
00111001010010000001
00111010101010100100
11011110010000110100
10010011001011000110
00011110100010100101
10010011000100110011
00101011011100011001
10001100000110101111
10011111100100000110
11011001010100001101
01101001111111011101
11011110100101100100
00011011101001110111
10000101101111111110
11100000111100111110
00000010101000100010
00001111101110110001
11111011001101011000
00100010011110111100
01011001101000010001
01110011011101001111
10101000101100001011
128,128
10010110001110000011101000011110000101011110100001011100001010101000000010100101010101010011001111111001110001101111101101101001
00111011111001101110100100001010101111010001111010100011001100110010101100011100100010111000111110001111010101110100001101110111
10110010110110000101001100001011100001001100000101100011010011111100010100000010101110010001100001011110010011110111010001000110
01001001100001000101100111001101001100110011101100110110011001000010110111001010000011101101101110000010111100101011111010001110
10100001101110100101000011001001100011110101011001100110011110110011110010001100100111001001000110111111110101000010010111000011
10010101011011111111000111100100110110010001010100100011111111100110100111110100010110011100110001110100001100101100011000101110
01011100010111010100001111101101010000100011010100100110110011011101110101011010111101101111100000000010101111100111011000000010
10010101111011101101101111011000100111010101011101101111101001110011110111010000101010111011111110010011001100111101001001101011
11100011111000110101001100011000001110011100010000101111011110000001101110000011001010110011001111010100100101110000001101100000
11101010100011001000011111011111101100101010001101011011011001101100000100111001010101000001010000111101000010011111001100101100
01110001010111010001001010011111000100011111000101111111111001111001100111110011011000011011111100110011001110111101000001101111
01010000011111001001111000101111010011000011101011000000110110011100011000111101111000011100000100011111110011110111010110111010
11100001101010000101100110001010100011111101011001101100000110100011001011000100000011001101000110000100110101110000000111011010
01011100111001110101110010001001100111010001111011001101101100010010100100011100001000111001111110100011011101101110101101110101
01010101000111100001011110011110101101010001001001001111101001000101000111010110101011101011101110101011111110111111000111101101
10100011010110000001001111011011101011001110000101101111100001101011000100010001101110010011111011011011011011011101100001011010
10101001000010111011110001000100101100001000100111111101111100100110010001001110010111000000010000011101111010000101100110000010
01000111110101001000101111110111010110010010010100110010100001011101100000100011011000100110101000100010101110111011111000111110
10111001010011011110111010011100011100011111100111101001101000111111010111110111010100000110010100111001001010001101100010010111
00010001010001111100001010110111010011110100101100000100110101000011111001011011000001110110000101000000000110101100011011001001
00100001111110011100001111100110110000100100010100110010010101110100100101011010110111100100000000000110100111010111011000010110
10100011100011011000000101110111000111110100101100000101010101100110101000011011000101011000010111001101000110011100100111111000
01000101110101011010011100110111011000010111111010010110001010000100100110101011010001101110001110101000001100101011111010100101
01011111001101110000110111101001001001110101011111011000100001010001110001001100001110111010111110100010011111011000101110111100
01111111000001111010101001010101011100110011100110001101100001001000110110011010100110110011111100001011001100001101110010010101
00011100011100110110110101011000110011001011100011101010101010010011011111100010111010101111111010010010111101001011100001110011
01111001110011010101001111001011100111101101000101101010110001011000010100011001101101100001110001010111101011111101001000010010
00010100010110011001110111100010110100011100000110100011101011110011000011110100011000111111011011110011001000101100100100101011
00011100011001000100000110100111100101001001111010100010000111110110001011010001010001000000011001001001001010100110000100000000
01101101110111000100001111001010100001100001010111100010010101110000111111011000101001111000100000000010101111110111000000011010
10010011000101001011111001110010011101011110101111001101000001101111000010100101011000010011000111011001011000001000000010101001
01101110100000011101001101101101110000100011010100010010110000000100111101001010010011101100100111100010111101100111111000011010
11100001100011011001001000111111001101110000101100010101010101101100100001011001000101010001000001101101000010110100010110101000
10010000011111111011100000110010111011011100001111011011001011101001001010111101111100010010011011111001010000001000000001110001
01101110101010000010110110011010101100001010000011111010111010100100000110100111111110100001101011111101110011111011111100110100
01011111010111000000011111101111010101010101111110000010110001010110010100110100101000011110110110111011011000011001101000011110
00010101101011010001101010011111000101111101001001011110111000010001000111000010101011101101100110000011011101110110000111100011
11111110011001101111010000000000000111010001111011101001100110011010101000011000100010011011111111001111010100100100011100110101
11100001101011011001000110011111001110010000001000100111011000100010100011100111000001001101000110101101100100110110001111100100
01011110000100100000110001101011011011101110010011011100000110000011111000001101101000110011011110001011110000011001101010111001
01010000011110000001111000100110010000001101001110000001111110111100011110011101100000001100000100110011110011111110110110110011
10101111010000110100000111111000101111011100000000111110000001100011100111000010000110110011111010101101001110100000101001000100
10101110000100001101011111101111110110001110000001101111110100101010011100000001011000010001111111111011011011001111101110001010
11111100111001100011100000001010101110010000111011100011011100000011101100011100110010111001111110001111111000110110001101100101
01010111111110000101001110010110100011000110011001010110000101100100101100100001101000111110001011100010000111111010001001111010
11100111110000101111001111000000101010000100000100001001111001101001100111100110101100110010000001110110001100101000101000111110
01011000011111010000011011111111010001011011000111011001100001011000100100011001111100011001000100101011101110011111100100110001
10101110100111001101011111101111010111000000000101101111110100111010010100010001111000111101111101110011011011001101101111011010
01011110101111000010011110001100111100000011010011011010101010010101100110101100111111101110101000110111101101111111011100110100
10000101101110100101010011101011101011110101011101001110100110111000010000000100100111001000000111110100110001010010010111010010
01011001101101100100111101101010010001101011111010010010100110011100011000011000111001101100000000000010110011010000110010011011
10111001100111011100110110001011100011111101011011100100010100110110011011010101010000001100110100001101110000010001100110011101
10111110010100000101011111101011110111001110000101101011100101101010011100010001101100011101110111010011011011001101100110001010
00100001000110000000100111110110001011101110001001010110011011101101011011000110010111100110000010010000101011010001100110001010
10100010100001101011001101011111101110011010000001001110011001101001110111100011001111010001101011101001001101111000001001001100
10101000000000110010110010100101011100011101110111101101111000010011011111011110010110001100110101011100111000000101110110010110
00111111111001101110100100000010001110010000111010100011011100000011101100011001100000110000111100001011010000111100101000100111
00001110010100011000110111000001010111111101111010000100100000110011111000011100001100111110110110000110011100001000100000010011
11001001101111000000110110101011001001100011010011111010000110010100100100001100111011101100001110000111110001010010001111110001
11010101001000111010110000110100011110111111111011010100001110101111101011101100010011111110011111111000000100101000111111101001
01011100011000100110101011000000111000001011010011111010101010010011010110100000111110110111111110010010111101001011100000110011
00110010011111010101101110001011100001101101011001101011011100110011010001000000101000111110110100010011011001011110000010001010
11111110110001101110011000011100100110010001100010101001100101010000100100011000100110010011111111001111001101110111011001110101
10011001011011010011011110001101001100011111100111100100000000000001010111001001110101011111010100110101001001000100101100000001
01010010001111010001111000001010110000001011111011010010011110111100011110011101111000001100000100110011110001011111010100010000
11100000111000100111001000010110110010001011100001111011001010001001001110101010110110000011001101011110100111100111010001000100
00011100011100010110100111001000110010001011100011101010101010010011010110100100111010101110111110010010111101001111100000010111
01111000110011000101001111001011100010001000000100101011110001011010110100010001101100110101100000010010011111011101000000011010
00011100011111000101010110100110110000001001111110100011010111110110001011010001010000001100010101101011001010100110010100100000
11111011011011010011000110101101001110010111110111100100001000000001111110100001110101011111010100110111001001100000101100000000
01101100010000101110111001110101010000100011110110010001100000011100111100011010010011101110100101000010101100100111111000010110
10101011000000010011110000000101001100001101110111111101110010100010011011011110010110001101110100011101010000000101100010000100
10110010001000110010101000111101010011101010000001011011000011001001010100011011111110010001000001001011000011110101010011000100
11110011101110000011010010001000101111000101001101110100011000101010011111100110100011101101000110010100110101100010010101001010
11101010100000000011001001011010101111001110000001111101010010101000011000001011111111100001000100011000110011010101001011000001
10111011010001010010000010001101001100000111100111100100001000000001011111001111110111001101010101111111011001000100110110010000
10010001010011010011001000011101001100001110100101100001001010000001010110000011111101110101110100111111011001000100001110000000
01100101101011010000011000000111001000000011000000000110010111000001011111001010010111101100000100010110100111110111011110000000
10111101010001111100100101100101010011110100101100000100110101011000111001011011001001111001100100001000000100000000110011011011
01010101111111000001001110010011000111010111001001000111001011000001101111100001001000110110001010100001000001011000001101111001
00000100011011111101000111100110110100011000111000100011011111110110101011010000010100001100111001111001001110100000001000000010
11011000000111000000111001011001000011101110000001011010000000001001110100001001111101100011101110001011110001010001100110010101
01001001000011110010111001011101011100110011011011101100100000010101111101011100001110101111111110000011111101100001101000010111
00000000000110011000011111110101010001110111000100011100100011111101010011100011011111000011000011110000101110001011110110011000
10000001000110010000101111000011001001101110010001000110011010101111010011100010010111101110000010010100101000001000000010001010
10100111110000110111000111010000101110010101001000101100110001110011100111100010000110010011111011100110001100111000101001101110
01101010001110000011001111010010101100001011000001111010101010111101000110100101111110000010111011110111101001011011101100100100
00010000001110111011110000110110011101110111101011010100001110000101001010101110010011101101001110101001110100000100100111101001
01010101110111100001011010011111000101111001001111001111111001000101100111100101001011111101111100001011101111111111000111101101
00001101000101100100110111100001011011011100011110010100100101110011110001011100001100111110110110100111011100001000101010111110
00100101110000111111000111000000001100110101000110100101111001100011001111101110001110001100110010010100001100101000100010101110
01001111111101101100010111101001001101110000011010011100100111100011110110001101001010111100111010000110010001011000101000011100
01010101111001010011001000001111000111010101101111001001001101000000100100111001100011011101001101101011000101110110011101100101
11100010001000000110100000111000101011101110011001010100001110011111111010000101101001101100001110011010110001011000111111011001
11010101101111001001101000011110100101111111001001010110011000101100000111100011111001001001001100001101101111111111000110000001
10010110001100101011100001010010001001011110101111001000000110111011011010100101010000010011011001011011010000011000000110101011
11100100001000110111001000011110100010011011101101101011001010101000010101100011110110000001001101111100100110110111011011100100
10011001011111010011000110001101001100010111100110100100001000000001011111001101110101001111010100110101001000000100111100010001
01000010111000111110000001110001100100110000101100101001100110111100111000111010000100110001101001111100100110100110011001110111
01010110110100111001001100110111010010000011001010000011001111111100000100110011111000010110001101101011000110111111011101101101
01101001110000011101001111101100110110100001000100100110110100000000011100000010000011101100100010100110101111101011111010000110
01000001111011110010100000010100101000110000111110010000101011010100100011101110100110101100000000000100101110110000111001100101
10010010011111101010100011010010110111011100000111011001001011101011101000010101111100010011010000011011011011000100100011110001
10101011110000110111000001101000101010010100010100101000110000110001110101001110000111101001101001011100010101000001111101010111
11101011100100101010101001001001010111100111000101010101101000001000110100101111101110110010001110010110110001011001110011111111
10000110101000111010100111110010111111111010000000111110000111101011101011100010011000110011101011110000110100001000101011011010
00111111111001101111101100001110101110001001111010101011001100010110101100011100100010111000110110001111101000110100001101100111
10101001101011000101100110001100101011101110011001100100001100100011111011011100000010111000100010011000010001010000000011001110
10111001011000010010000110000101001100010111100111100100001000000011010111001011010111010111010100110101001001000100100110010001
10000101111111010101000110101001100011000101011101100110100101010001111001000100000011101100100110000110010111010010011111001001
01010000000110011101011011110111010000010101000101010100111011111100010011100111011101100111000001110000010111001000110001000000
01001010011000110010011101001000111100101010010010111010110010100110000100100110110110100110111010110100111111101011111000110110
11011111011110100101000111001010101111010101001001111101100001110011010110000100100010111000110010010101010001011010000101000010
11101010010001101110010001100001111000100000110001111001010010111100111001011011010110000000111001011110110011010101011010010101
00011110010001011010101101110111011100010011100110010011110001011100100100111011011100110010111100101011101010101101111000100111
00010100011101010101010110100110100100011001111010100110010111110111001011010000010100000001010001111011001010100110010100000000
01101001110101011000111111000101010010100001111100000100100101011101011001011010001000111110100000000010111110111100110010011011
10111111110101101101001001100011000011110100111100000100000101111000111001011000001000011111000111000010010110110000010011011011
11100000000100000000100101100011110011101000111010100000000110111100011000011001011000000000100001010000110011011001110000010010
01001010001010000010010100001000111000001011010011111010111010110100000110100000111111000110101000111111110001010111101100110100
01011110010101111010010101100000011101010111000110011101110001000001100010111001111100110010111110101011001110101011101000110101
01001001111011110010101000010101111000110001111110010000001001010100100011111110001110101110000000000100101000010000001001110101
01000001101000110010100000010100001101110101111110010100001010000101110011111110000111101110000100001100100100110010111001000101
00000001100110010101101111110110011010101110000100100110011111101001010011100001011111100100000000010100100011000001000010001010
10100110111100001111000100000010101011000010011110101011010110100010001111010101000010010010011011111100100000010010011101110110
00001100011101001101010110101110111000011000111010100010100111111010001011010000010101001101110001100011001110100110010101100000
01010101110111010001011110011111000101011101001001000111111001000000100111110111001011101101001110101011011100111111000011101101
00110111111101011101000111110010100100010001101110100111111101100110000111110110010000010110110001110101001110101010010000100110
128,128
01000111001100100100101111011101011010011000100000110100110110001110101000000010101010101000001110100111101000111110100101110011
11101001100010110001110111000000010011010111001101100010001100110000010011111011011100011000111110000000100111101100011001000010
00011111000011000010100001011101000001000111100111101001011110101110111101000000101000010110010010001001010001111101001101000111
00000110100100000101110100011100111100000000101010010110111100001000110001001001100110100111000000000110001100010011100111111101
10000011101000111111101011100011000000001001111010000110100011010111011010111111011011011010111011110101111010010110110011111011
00010010011000001010110010101011001100010000001010110101111011001111111100001000111010101100001001011011000000010111001111110110
01000100010100001101111010000001101000101000110010100100100100011100011000111100001010110010000001111100111010010010101111011000
01010111111000110111111111110111000100000100110010010110110000110011011000010111001011101111100001011010101110000010100111111111
01110001111110010001111100100101110000101001111000000110110001010001010111111010010010100011101001101100110110011000100000110000
10001110011001101011011010010011101010101100011001000011000100000000000101100011000111111101101001011100100001100100000010110011
11101111001111010000010010101111101111000111101111011010001001111111110010111101100100101000100110100110001111101101011110001111
00000100000111010100000111100011011001011010111111011010010010111111011000011000010101000010010111111000110010001100111110001000
00101110110110001010110000000000011111101001011001010101101101001100100101000100101010110000011010011101101000010100000101111101
01100001110010111001110010101111110010110111110101001110100100000001001001100010010011110101011100111001011000100101010000011110
10110100111100100111111100100101100100101001101110110100100001111000101000011111000000001000101001011000101010100010001011010001
10101111011100011111000011100100010110001010011001101001000011001111001111101010010110000010101110110010100001110000010010010000
01001100010111000100011100010010111101101010101100111000010101101010111000000001000100110101111101110010111000101100111111001101
10100001101100010011011011100110111111111001011000001011001000111101010111111001011101110110100101000110100010111010000111101001
10001111001010011010001111010010011000011010011101011111010111001110001111000010001111111110000110100101110110111100100011010001
00101111001110000001110001111111110010101001111001010110100001111101111001011111100011000010101000011100001111101001110010011111
00100001101000011111110011110010010000011000010000001001010000100101001111100110010101001110100110110110100100100110110011100000
11001001111011111001110110001100111001110100100011100011010100100100001011100000101001101000000010111111011101011101000111100010
00111000011010111010111000111001101010101001001001110101101001111111111101111100111010101010011011001101001011011001000101110110
00001111011000000100111100111111100100000100101011100110011001001001110001000001100110110101000001111110010111111111101101110101
01100111111101010110110000111100111001101111110110011010100011111001010111011001000001101000000101001110101110001011100001001101
01010011111101111110010110100000111110000101001010010001011100100100001111001001011101111000001010000111110001100110000111100010
10101000101100000111000000001010111001011010101110101010100100101100101011100011111100000000111110110010000000110011000000000100
00110111001101100100100001110101000110001000111010111000010011011111111000010000001100101000101011011110100011100010111110100011
10101110011100010110111100101111111110001000111111000100001001101101111011111001011110101000101010110010000011100001110100010111
11001101101010010101000101111110010001110100110011100110110011000011010010000011000011000111000100010110111000001000011001111001
01011110000111000101101011001001000011000110101110110000001100110000111000010110101100011001101011101000001011101001010010000111
01010000101011010110011110110010111110011011010100001101111111010000010111011110011011110111110101000101100111000000001111011001
11110001111000011111011011101011101100010111000100001111100010000101010110101010111011100010001110001000011000000111000110010000
10111100101111111011000001111000010011101011000101000011000011101100100111001111100100011010101110101000010001101001010000001111
11010101110000001111111000011010111100111110111100001110100100010001010010000111000011111011001101111000110010010010000011010011
01111101111011001010101101110100011011110101111010000011111110111010011101011101001001110101100001000111101010011001001101101001
10101100011100101011011110001101110000000100001001000101000100011000101110011110111110011010100011000111000001101101110111111111
01010001111111011101000010100011000010011011111100111100110011010011010011010111010111001100010101011001110111001000110010011010
01011111110011100000111100000100011000000101110011110001001111100010000011000000100001101110011000000111100101111100000101101011
00010101011000111111000011010011000101001111011100011111110111000011011110001010000111000110000110001000111000010010101010011011
10111001001000111000011010111011111000000110001111001111000000000101000110001100111111100011000110100001000000111101101010010100
10111001101111111011010111100101100011011000011101010011001000100111000101101110011001001011001010011101100101101000110001100010
10011101110000001101011010010001111001100110110010000001000100111100010100000100000101110001100110111001110000110110000111001001
10100000111000110100011110001010111001110110101101001010000100110000100000110011110100001001111101110100010010111111100000001110
11000011000011010010000101110000001100110111011101001111110011010111010010111101011011100111110111001000011111011001101110010100
11000101101011111010010010100111100110101111010100011011110001101101010100111000001001011011101000011000111101000010001000000111
01011101000111110000010100011010010111001011101111011000011101111000110001010001101100111101110101000000011110111001000111001111
10101001010010010101110110000010111001010100111001101010001000110000010010111100010110100001010111000011110010110100011110111100
10111010110111010000010000101001001001001010100101101000001000111101111011110001110000110000010101101001010001101101101100001100
10111110001100111010011110110011100111100110001111011001010001011011000100110000001101101111000101001001110010111000000110001011
10100011111000110100101011001010010010000100100000001110000111010110010010111111110111011010011110010011010010110010110000110010
01100000110110111100010100101010110000010001101011000110101001001001100010100001110110100001011100010110001100001101011101011100
01111111101011101101101001110000010010101101110001010100100011010110010011011111000011010010111011110110101111110100010001111011
10011011110010000110001101000001001110110111011111000011011110110010011101011101011101110101100001011001000111110100000111000000
10101100111101111100110010100001111010001110111110001000000001101101000000000000010101101011000110111000110100101110000010001011
11111101100011000000000101000001000000011000110001100010011111101111000001001111001101100010000010111001111101111000110111000000
11101011011111011011000111110101000111111001111100001001110011110011011111011111010101000111100101000011101011000100110001001000
00111100000110100000110100101111101111100000101011111001011000101001101111000000100110111101000000101111010101011101101101100110
00110111011100100011101001000001000010001010010110101100101100001110101010100110100110011000000010101101101000100001111100011011
10101100011110101010010010110010110101001000111001111110000001001001100011100110101100011101100100010110100000110101001011011011
10100110111101101011100011111110000010000110001100101011000011111111101110110110110000001000001111010011000111100111110001001111
10101011101111011011001001101010010000101001000101001111101011011111110110111111110010010000111111010010001011000001010001110100
10101101110110010000010100110110111111001101110001000010000001100101010000101101000101100011111111000111110011101000011100101101
01001110000011000110100010001110010101110100101011110001011110111010101010010110101100010111100000100111000001100111100111100101
11100101110010001100011000000001101000110111110101010100000100010100010001110001001011110011010111101001111111010000001100111001
00001100000010010111110110101010110000011110110101101100000100010100011000010011000101000010000111111001110010100100011010011001
01110101100001101011011000000100100011100101010000010001101101110100010101011010101001011010100011100111101101001110110001100011
01100110110000011010010000111100111111100101001110110101100001101101100110001000100000100000010100100010001101011101001100001100
11010100111010111010010010010010110010101111010100011111110101010100000101111100000011111010000111100000110110101100000101011011
00010011111000000111011110101100100100100100011000000111101000110001010111111101010101000111111001001001000010100011000011101100
00011110001001111011101111000011000111100101001010000011010111101011000111000011001101001110101001100110000101101010100011100011
11110001111101111111111110110010111110011010010110011101110010001001001100100001011011111111011101011000111001110010100100010010
10101101011100111010110110110010111001101000110011100010001011000101000010100000010111111101011110110111110000101100100111000010
10011101100111001010001101011100000111001001000111001011011111111110111101011001100100010111100111010011000111101001010110001101
01111011111011100101110011100100000011110101101000110010100011110101010011111011011001001001110011101101101010010100111010100110
10001111111001010010010110010110010100011100011011011101010000110001010000011001011111101111111101010110110010111000001111111001
10011000100101001111001111011011010101100010001001001101011110011010110011011111111110110101101001010000000011101001110110100100
00011111100101010100001111010011011001001010110010000000011110101110011000000101001101110111010010111100110001011010000010110000
11001100010110101011011100000000100000101011000111010101101100011000001101110110000110011111111001111100101110101001000000111011
11001010110110111000011110001110110110111011100101111010001100111000110001110101110100011001111111010000000011100101010001001110
00101110010000000101110010110100111100000100111111000010000000011101011011110010000101000011100001111111110011110000101101111001
00001110001101001010100111101001000100010101011011110001010010010011101110000010111100001101000010100110000000110111111001100101
01100110100010010000100001110101011100000100110011001100110011010011011011110001000011100101010001101111111011011100101100011001
00110110110000011010111110101001101010000101001010000001001001100101111110011000111101111001101010110100000010110011101101100111
00101000000111000001000111001010010001011010101101111000110110101010111001110010111000010101110111100011001000000101011011001100
10000011110001110110010101001011001001010110111110001010011011110000010010011001110101101101000000011000010100111011000110001010
11010011011010111000010100000110101010110111011110110111101101000100000111101001011110111001111110000001101100000000000010100010
00001010101100111111001111010011010110111000001111001111010110001110100101011010101110111110111010101000100000101001100100110110
01101000011111100000110110101110011111010011100101111000010001101011101000100000111000101111000100010011101100011101101111001110
01011011010110111100101101101001001110011011000011110111111011001001100101100100110110100101011000001111001101011101101101101000
00111100000110001001101000110011110001000100011001010111000000100101000100010010001101011010000010101101100101101100111001111001
11110110011001101101101010011100111110110101111010100110100101010101111010011111101010110000101011110110001110000011011111110100
11100011111010111011000001101010110011010101011000000111100011010111000111110010111011000010100111100011011110001101001011110010
01111001100011111100101111000101010011011100111001010101110011100111000000100010011111001111010000100110111101010100011001111010
11011000001110100001101110101101000110011000101001110110111001011011110010111111111010001101111011001100001111001001111001110010
10100101011100110010100101111110011110111000101010110100011001011011010000111001000010110101001101110010110010011000001111111011
11110011111011100100111100101111101010110101110011100110101000010101011001111101011011101011011010001101011011011000000100111000
00100100011101111010010100110010011111011000001010111001110001011001110100010000001110101101000101000011100011100011101111111011
11001100101111100001010001010001101001101011100010000010101100111100111001010000100001111011101011101101001011110001110100101111
00010011101100100010100111101100011010010000101011100110011111011110101000011001111110111000010011000110010111001011100111110110
10100001101100110001000011111010010001100100101000101010001011111111110010110011100000001000101111010110000010100111011001101111
10010101001101100110000111010010010010011010001100101001111111011110110100011001000100111010101111010010100011101010100110000011
11100000101110011011000001110110010001001001001000110001101010101111100111001010000000000000111110000010111100000100001001101001
11000101100101110010010000000011101001110111110110000000101101100100000000100000000001110010011110110010111100011000001100001101
10011001111001111011001111010010011010110110011111001111010110100010001100101010111111011110111100000011010001101001100011010110
01110111101010100101111011010101101111100110110110000010000100110100011001011100100001011010101011111001100010110110010110001011
11001000110111010001011100100101101001101010110001100000011000100001010001010010000101100111110001101101100111111100011101101000
00000111100001101110101111000100011000001100010011010001010110101110011100000100101101000110000110100111100001011110100111101001
00001010001010100100000011111001001110010100110011100110010010100111001000100000111111101110010010001111110000110100110101110111
00010011110000010100111110101001101001000100101010000010001000110101011010101001011101100101011000001100100000110110101100101010
11100100100100010101101001111111010000010110101100111100011011000011100000001001100110110110001110011000010110110011011110010101
10011001100011111010001101011010001101011011110111101001111111111110110111011111111010010000110111000001001011000001001100000100
10011011011100101100001110001101001110000010011111000101001101001010101111100000011110111100101001011000000000111001000111000110
00000000011001111010010101101010010101010100010000010011011010100011000110000010110101101101000100100011011100101111110111101010
10101111011000110111101101110110010100010110111101001100000011010011001000010111011111001110000011110011100011101000010011010111
10000010100000010101101101001000010100000100100000000110110110010011011000110111111011000111000011101111010110010111111111111000
10111011011101001111110110110011101100101000010010100111000011011101011110111101010111100000100001111100100011111000001111110000
10100100010100000010010001010011101101101010001110111001100100101101101111001100000000000000000101010000100000110110011100000001
01101111111110011110100101111110010101101000010001010101110011001011100100001010100010000110000111000110011001110001111001011101
01011101011111101000110100111001001111111100011011111001011000110001110101010001101101101111010001001101000011111000000101100011
11110111111001111110100101111100101111110101010011001111111011101011000101000001011011101111011000000011101100011010100101000011
00010110000000001001101001011111100010000110000110111111011111001010101100000110100110010101000000001001010101110111101001111111
11111001111011111010011101010000001010000111010110100111111110000010000101000000111011111111000100000000010100011000100100011110
11000000011101100111101111111010110100011001101000100110110011011011110010011011010010101101110100010110010010000011111011110110
01010101111011111001011101010111000110000111100101001101110011000011010001010011000011011110011101011000111111000000110000010111
00111111100011000001100001110101000110100101110001000000000010110111010011011111000101001000001011001101100011111100010000111111
01001001101011010010000101111010011101010101111010001000111011100111010001011001110001101001100111100110111011001101010011101010
01110011100100001001100110000101000011011011010100000011111111100010001101100111001011010011110010001001101100011110111000001010
128,15
10110100001010111001001100111010010010000000001010010000011111010001000001001011010110011101001101111110000000111000111001010000
10110110000111011010110100100100100010111010000110010001011100011101000010000100111010001110010000000011001111100001011001000001
10110101000100001010000100010111000101110000101001000101110000010000001101011100011011011100011101010100100110111111001111111011
10111111110010100001011101010010000110100110000000001101011000011010011000101110110100010111011010110000011111001001100111000101
10011111010000110110100101111010101010011011000101100010001110010100011110011100110101010011000101011100110111101111110001010000
10111011110110111111100010010101011101110110010001001011101100101110101111010110101000000010000101100111011100100010111110001101
00110001011001000001011110000110111110111011111001101010000010111111110001010000111101000011100000101001110110100111001111101110
01011011101100101101000110011111001101000011101110111101100001111100010001111101101001000001001110111100011001110011100000011110
11011001011001101001010111111110011001100101011000111011011100000000001110100101000001111101011110111101110011001010000010111110
00010111111011101100011111101001101110101011111111010110010100101001110110010011101101101101000111100001001001001000110110100000
10101110001110010110011011111000110100101010100110101111001011101001100011000100001101110101100110111111010111110000110010100110
01100010010111101010010000100011111001010011111111100101001000001100100101001111000011110000000000100101110000111000010001101001
11010010010010001110110001100101011110100011001100111000000101111010101011011111000010110011110101011111100100010101001000110010
10011111100011100011001010000101101001010000110000111000001001001011100100000010001000100101111110010011000000110001001011111001
01000000110011010011001100001101010011101100100111111001011101101101100011011011101000110110111110010000101010011011101101101100