bnn
13,64
1001110100111
1100001011110
1000001001110
0100111011000
1110000110111
0011111111000
0110010010010
1010001000011
0110000111110
0111110010011
0111001101100
0100100110000
0110110001100
0110101010111
1010000011011
0101101111000
1100100110110
0101001001100
1010010011110
1001000101111
0101100101011
0100100110110
1100010110011
0000011011011
1010010000111
1101110110111
1000100010011
0001101010010
0101100101100
1101011110110
1110000111111
0110011001011
0010011001001
1110010111111
1001000001001
1001000110010
0111101111000
0100001000110
1110010101010
1101000010011
1001011100001
1100000001110
1001010100101
1001111010100
0110100011101
1000000001101
1011001111001
0001101010110
0100000110001
1001000101000
1101001010111
1010000011111
0110010111101
0011101001001
0110101001011
0100001110110
0010111110111
0000110100110
0111101101101
1001100001110
1101011001011
0111001110101
0111001001000
0010001001100
64,64
0011010000111001010000000101111010001111010000111100101111110001
0100111000011010111101001101111000101111011001011110001111110000
1000110010010110100010000111000001000011111110101001100001000001
1111111000100001000110010001110010010010110111100100111100001111
0111111010101111001111110010111111111001010001001011000110011011
0000100000011000110000101101110000000100011011111110010101011000
1010101101000110011000111011010110100100101001100000011000001111
0001011111101110001011010010001111111000010000000001011000111010
0110001111100100010010010000011101111101110100111011101101100111
1101011001110001110101000001110110101011100101011100111010100111
1001111011011101111111001110101001110001010000000001000011010000
0010001100001110011100111011001111110000011001001101011000111100
1010101110010100101111101110001101010011111111100011000101000100
1001011011011101110101001000010010110001000000001000011000110000
0001100000011010100110001111001011101011010110111100110011010101
1110001001010100111001001100111001010111111101000111100111101110
0111101000001100010101111000011011100111010011101010111000110011
1110100111010111101111101100011101010011111101000111100101000110
1001010111101111010011010111100110001100000010010010110110110111
0111000000101100010100011000111111100000000001101001100000000011
0111010010011101110010000100010000001101010000111010000111010001
1110010110101101000110011111110111001101001100011011101111101111
1011101111000110101001011010001111010000111101000011011000001100
1010101101100010001111110011001111000010101101001101011100101111
1110100101010100110000011001110000100001101110101010110000110001
1001011001110001011101010011010100011000100101010100011111111010
1001110111011110111110001111000100100101011010101001110001010001
1100101001011100111101001111110000110101000101110110010011011000
0000000110001111000110110101001001011110010000111011000111011000
0001111001111011110101010111011100011010000010010100101111101010
1001100100101000100101100110100000110010000001000111001011111100
0001101101001010111001000111000100100011010000001100011011111000
1010100110000010001011101111001001010110111111011111100111000000
0111110010110001110011001101110000001101110110011100100111100111
1010101111000111010000110010010110010100111001100001011100001110
0011010101100011000110110001000010101010100110111100111001100111
0011001100101100100101010111001111000111000011010110111111100101
0111111010101101101101000110111011110111001001000011001011111010
1110101000100000111100001001111101010110111111100110001100001111
0001010000111001010000010011100110111101000001110000010010110011
1000110000100001000110100011000001101010100111111101110001010001
0110010110110001110011001101110000001101101110111100100111000111
0010010100110110000000110000011111001011101000011001001111101101
0001011110101011011000010111100100111100010000110110001011111010
1110110001010100110100111000110011000001101010111000110100000101
1100111011110101111101000111100100011101101110010010011111101110
1110100011100010100010010000000111001010111110001101110000000101
0001010100111111010010010101000110001101010011111010111100110011
0011100001101010011110111011000110100000100111111101110000010011
0110100000011100110100111000011111100011001011101001110010110101
1100111011011101101001001110110001011111011100000010000111010100
0001011110111011000111000110101111011011011001001101001110101110
0001111111100111011011010111100000011100100000110010010101111010
1000001111010110100011101010100101111010101100000001010001000100
1000010011111110100111000111000010000010101110011111111011100100
0011100010001110011101111100111111100011010001101011101010011001
0111000100100000001010010000111001000110111111111110100101000111
1001011101101001111101110111101110111110101101010100011110111110
0010100010001110011100111000101111100011011001001111101010011000
1010001110001111001010111001001111010101010011100111011000111011
0011100110001010001110111111001101100111010001111111101111011001
1111101011101011001111010111001111011010101111000011011111100111
0011010111101110101010010011000010111100000010101001010000111001
0001000101100011000110010011000110001010100110111100110001100101
64,9
1010010111110110101010101011101000000001100100110010111000000011
0000011101100001100011000011010100100110000100100011001000100101
1001101111000000101111111010000001100011011111111000100010000110
0111011001001001010000010110001011011010111001101011001011010101
0000011111100001100011100001010100100110000100000011001000100101
1101010011110010100100010101001100011111100100011101000101111001
1010110010101001111111001001110011000111110010010110000110101000
0100111111011101111000110101011000100110000101100010110111110100
0010111110011010111101111010100010110000101010101100011000101111
