bnn
16,80
0000001001111111
0011110001001001
1000000001001111
1011101010001001
1000000000000111
0011101001110011
0010111000010011
1000110100011000
1010010111001011
0100101110010010
0001101010000100
1011111110011010
0010011011011001
1001011011001011
0001100000111110
0111011111101010
0000111010001011
0001000110011101
0001100101000110
1110001011010101
1101000100110111
1001111010011010
1101111100110100
1000100110000110
1110100011001111
1001100111111001
1001000010111111
1110010000101111
1110000101011111
1101011011101011
1000100010101101
0111110000101010
0011100110110100
1011101110101001
1010111111010010
1100000110100100
0000101101010000
0011001001011100
1000111000100110
0111010011110111
0100111010110000
1101001010111110
0111100110111000
0110101010000111
1110100110111111
0010011110011001
0111001101011000
1101011110100010
0011000110010001
0010000110110100
0001101011111101
1110100100010111
0111110001010101
0001111001000000
0111000101101010
1000011110001010
1011101000100110
0111111010000111
0110101110111000
1101010011111101
1100100110010111
0110000010011110
0001011000000110
1000110111100010
1000010101001001
0100001110110110
0100100111110100
1010011101011011
1110111101110100
0100111000011101
1000010010011010
0000101001001000
0010110010111011
1001010011100111
1100100111011110
1011001111001011
1000011001110111
1111110110100010
1000001110110101
0001101100110000
80,80
01001111010111000101011110000010101011110001010110011101110011010011001101111011
10000110001011101101010000011100101100010101111111011010101001010101000010011011
11000110010010101001001110011011100011011101110011101000010111010110111011101000
01111011111011011110110111011000111100100000110101010001010010001011111011110100
11101111000111101101010111111111101000100010100000011000111010000001000010010000
01101110010101100100110001101111100100010110111111011010111011001101000010001011
11010101001010110010100011100111100011011010001000101110101100010010000010010000
10100011111111011110110110011001100101010101111011010011111011000111001000100000
11100011001101000110110110100111100011010110000110001110111101101010000001100000
01000010110001000010110010000110101010011010001100001000101000011010100010001000
00000001010000100000100100001011101110001010101001000011001011001111101100100000
00111010011100101110110010111111010100011100100100000010101110001100110010000111
11100111100101101101010010111111100000010010111000010010101111000001001110000000
11010100011000111110001001010101110001111100001010100110111000100000011010010101
10111001010000011000101100101000111111011100100011110110101101010111111001101111
11001101011101001100010110011111101000101011110010011000110011010001000111011100
00101001111001111110001110001000011110100001100100110001101010101001010100011101
00111001101111000100001001100110010101000010011111110001000000011001010111010111
10110001001011101101001000001110010111000110011001101001000100001001100100011000
01101100100011100001111001100100101000000010010111001110000110011010100011011111
11100110111111001011010000110100001011110111011110000111111100101000100010110000
11010100111110011100001001000000111010000111011010111110010011111001010011011111
00000110110111011001001101001000111010010001011101111010101011010101111000011001
11101011110110010011010110111001101010101010101010010111011111100010101010100100
11010110010000011001000111011101101110010001101000101110111110010010110010010100
11011110010000011100010110011100100000101001100110010001010011100101111011001110
01111100100001110000100111111110011000110100100110010001011110000111001010000110
00110011100010010001011001101111011110011110101101000011100100011111101111111101
01010111111011110011010010000111101011001010011100101101011100101000010100110000
01101100110010110101100101111011000101110000110011100000011110001110011010111010
11111111110111001101010010101111001001010010010100001111010111001001101011010000
10000010011111011101110100001000001101100111111011011011111011100100101000010010
10101111101011000011110000101100011101111100001110000001000101101110100101101000
00011000001000100110101001000001110101010110101011111110000001110110000001111110
10100101000001011101011110011100000101110101000100100101100001101000101101011100
01010011001101111110010011100110100010101111011110010101101010111000000110110010
00111010010101101001110000101111010101010010010001001000000111001001100101001010
01101101100111100100110011101011100000100011010010010101010011100001001001110000
01000101011101110110110111010100101011101001111100001100111000101000000100010101
11100110101111110101010000010010000001001100001011001101011111101110010010101001
11010101000010111100000001110111000001110000001011110101001001100001001010011011
01101001101001000111101111101000011000100110010011010111010110100111101001111110
10001100011011110100100000111000001101111000001001110101111110001001011000011011
01010011011101011110011010000100111110001111001110001111100001111011100101010101
00100000110111011000010001111101010111011001111110010010101001011001101101011001
10000000010111110000000100111000001111010000011001111010011101000011101100011010
11110100101010011010001011100101011011111001011000110101000100100001010111011110
10111111110010011001101111111000010001011110010000101111010110001000011001110000
00001100001000100111110000100110100100100101000110000100111100110110100000011110
00101001111101001110110111011001111100100001110111011001010011000111101011000100
01010011101111000110010001100111111011001010001010101111001000111011010100110000
10001100001100100111110000011100000100101101101110001001110001100110000101101011
10101001100111110001000100011000001111111100010000100100011110101100110100101001
10010110000000111001000000111101110100011100101101100010101110010010101111001111
00000100011100110010011001100010101010000010101011010111001100110111010000001111
10000110001000100111111000010101110100011111000100001100110001110110000101101001
10101110110100110011111100111001011101111101110011000001110101100110101001111100
00000011110011010001011100101010001011001010011100000111001101001101111100100000
00000100011101011010111000000110111110010010001110000111100001111101000101001111
11010011110100111101001111011101110000011110111101101010100101011100101111100100
01000101101100000110010011000000101010001011001010011110010101010010110011100001
01000101000011111101000011010001101011100011011010100101011010101001011110010100
11110101100001110111001111000000101001010110001011101111010010101010001001110101
01101101100001100011011011100110111000111010100110000100100100010010000111111111
01000111111110000001010010001000001011001000101000011011011100001010110110101000
10010110000010001101000111011100011101101101110001111000111011000110111010101010
11010001011100011100101111011011111001011110011010110011100101010101011111100100
01001110010011010100100010101110001110010000001100111000111010001011010100001011
11101110100011001101010000100100001011110011010110001101010011111001100111011000
10111110110110010011000000111101011101010101010011000111110111101100101011110100
01011001001000011110101111101000111110100001000111110000000010010011011011010110
01101001110001000010101100100011011011100010010010001100010110110010110000110010
00100001000111000001010010111111000100111010110100010000101100000111100110101011
00111110010101011101101110001100101000000101100001111100111011011001000011011011
00011000000000011010101001100000110101101100101011110001111001000110111000001111
00110101011101101001111111100101110110101011110001001000010010011110101100100001
10101010110111000011010110101000001100110000100110011001010011011111101001111110
00010011010101001000110100000111110110010010011101010111101011111001101100010001
01001100100101000000011001100011101010010010010111010110011111010111111010000110
10010010011000011011101110001000001111001000101001111011010111011110111101100000
80,12
10111010101001011000001110001000000101100001000011100001000111010100001110000100
00111001001000101000011001010111000010101100010000000010110101001100010111111100
11000000011001001110110001001001101100111001111010011110001001001101100010110000
01000101010100100101010100110001000100001111001001100110011110101001001000111011
10111111011101111000111101111011100110001011111110000100110011001101011110110101
00110010000010100011111010011010111010010101001100100001111110110010110000001111
10100110001011100001001010110100000011011000110010001010101000010011010111100110
11111000011101111000011111001111100110000010010101101100100101001101011011101101
01011111111101101110100100111110000111011000011110100000010001101001001110000000
00110001101100101110000010000101101000100110001111110101100100100110011010101001
11011101110110010001100101110011100111110001010011011001101010011001110011001110
11101000000011011111011011100111001001101110111101000110000101110110101000011000
