bnn
16,128
1000001100100000
0001000011101101
1100101101110011
1011010100100001
1111101000110111
0010101100100010
0100101110011110
1101100001111001
0001111010110011
0111100111111000
0001011110001000
1011011111000101
1100010101010000
1110100100000111
0110101001110011
0111111011000001
0110111111010100
0000010010001110
0101101010111000
1010110101110010
1110001111000000
1101010101011100
1001011001110011
0011111110000001
0011110100001111
1110110101000011
1010111101100100
1111100001100000
1101101101001001
0001110010001011
1100011101001100
1111011001010101
0111010110001000
0100000111111000
0001100111101000
0001110111001101
0010100100111100
1011011000100100
1101000011000011
0010110000000010
1000011100100010
1010010101001111
1000110001001010
1011110101010000
1000100101001100
0010010110000011
0011110011110101
1011100000110101
1111110100000101
0100010110011100
1101101100101100
1100101011000011
1000101111100011
0110000110000111
0000111011001010
0111100000010101
0101101110111001
1000010111111011
0010000110100111
1010110100101111
1100011100001000
1001111000000001
0100001110010011
1111011111010100
1010101001100100
0010111111110010
0100010100001010
1011000001100100
1001001001101101
1001000011110001
1110011101001110
1001001110111101
0000001111000100
0111001011010000
0000110100111010
0001011010001001
1110100101111110
1010000111110000
1011010000100011
1001111101001001
1001101100110101
1101110101001000
1010110111100010
0101100010001100
0101111111010000
1001010001101001
1011001011100000
1010001100111110
1111011100010101
0011010111100001
0000111110101110
0100101000000010
0111100110000001
0111111110000101
1001110100111001
0110000110010000
0010000111101100
0110100011110110
0000111000110011
1100110101011100
1100100101011010
0101110101011101
1010100100000100
0001100100101001
1011001110110000
1101001011110011
0111100100011100
0010110000110110
1011110001101101
1000001111101110
0001001110101000
1100001000010011
0001111111001011
1100010000011010
0001111000100000
1101000111111001
0010110011001110
1100011001011010
0000101111100011
0000010111111101
1110000101010011
0000000100101000
0110100100110011
0111100100111101
1011000011100111
0101100000001011
1100101101110010
1100010000011011
128,128
10101010000110000011011000100000000010001110100101101010111101101001110110101101100001010010001100111010110101110101011111000011
00101110010100111110110000100011000111001000011001010111101010101100001010001000000100011011010111010100000101010000101110110010
01010000101101011100100111101110101101111111110010110110000111010111001000010011011101000111110000010110000111001010101000000100
10111111100001100110000110111100001011111010100110110111100111101000100000101010110110011011101000111111101110110111000001110111
01001101010000111010100111010101110000110000001000010111000010011001010001001010000110000101110111000000001110010110110000111100
11100110101000101111001100100110011110011110111101011010111111101110001110110001100001010011010011110111000101111010111101000010
11101111010011100011001000010000011010010000111101000101111100101101010111101100101100110100101111101111101100110101000111111011
01011000101101001000001110101001100111001100011111001100101110100100101110010011100000011110111100100101000000101011000100111001
10111110010001001010010100111100110011011011100111100010101111011110001001101001111110011010111100111111101101100110000000110000
11100110100010100011001000000000011010001000100101001000111100100100110111101100100100010111001111101011111101111101001111110010
10111100100110111001101101101000100000101101010000111000110011110100001101000111101010111101110100100000110000111001011010110111
01101110010101011010110110111011000011000100100110100101000001111001101111001001100000111000110010000010101011110000000000011000
11100011000011110000001001001010010100100110100011011111010011101000100100001011000101001001010000111100010011010111011110010111
00100101010011101001100101111011010010110111100010011101000100011100001001001101011000101001110111111010000010010000111010110111
10010110011110001001110100110011111011001111100001100100000110011111001011101101011110111010101110011111101001100101001101000010
01001100101100001010001110100001010111001001001100000011101000001101101111010000100100111110010011100100001110100010101000010000
01101111111001101010010111011110011100010010101010111011100001000010000101100001110110000011111001011101001010001010001000100110
00010100001111011101100011101111100101111111110011011110000110011110001000010011011001001011110001010010000010000000110000000101
01000001100001000100010011000110000100110110111111000101011100000011110100001010000101010010000011110110001110000100100100111101
01010100111111011100010111101110101101010111010011000110000011010010001010010001011111000111110001010000001010001010111000001100
10110100011111000101010111100010101110011111110011001100011110011110001110101111111001111110101110011011100011000001001111100001
01010001110101010001011111111100001110110111101110011000111100000101110100101111011001001100111010011111000010001001101111111010
01000001011110000001111001100011111101100101111000011100011000111101111011010110001101100100000111001000110011001101111111001010
01011100111100010110001110000101101011011100011111100100001101110011110011010110100001111100111110000011111100100010000001111000
01100011111000101011000110101100001110000011101100111010100101001100100010111001110110010111011000111101010110101010101101010110
10111111010001111010100011011000010010100000100000111110101000101111001011001100001100010011110111001011101100010001001011111110
01101101100001110111001011000100000100110110011110011011011101101100110000110010100001000101000001100001000110011100101100100101
11010100101010000100001110000100111110111100011111000100111101100010010100110110110011111100101100100111110000111111001101111001
00100010000010111101000111100101010010010100011001000111010100110110001001101100001010011101110101110100001100001110110110110001
10100100000100101001001101101011000110011111101000011011010100001101000110001101101000010110010011111010000111001010101110100010
00111010000111001001011111101011010101001101001111010001110101010000001100001111100010011100111100010100110000001001010010110001
00000110100101111001100111100100010110011101011000001110011100101110001011100110001000010110000111100010100111001010101101110000
11000010001011000100010010100010110111011100111101000111011111100010110110110100101100010011001111110111001101110000101101101001
11100111010000000111001001111010011101111011100000111010010011001001111010101100010100100011001011000011010011110010101001001110
00111001000111010000111111011101100100100101011111000101111111110010010100001111111001001100111110011111111010011001000110111111
10101110100111101010111001101011000001001000100010111010100010111010101110000001000010011011000000111010000001111101011010000011
01110111110100101011001110001000011110000000001100001001111100100100010101101101100100111100101110101111111000111001001111111110
11010100010001110101100111110000111110010110111010011111101001101111101011001010001000100111110111100011000111110010101011111100
10000110001011100110000000000100110000111000010001100101111110100010001000110100011001000001101110100001001000010101010111110101
01011001000011010100011001010101100011111011001110000001000111000001010001010110010101100000001101000010011110010111110010001101
00110000011111011001010111101011100111001101111011001010011111011100001110101101111010011110010010111100101010001000100100110010
01001011010001000110010010000110110110101100100111010101001110000011110110101000000100010011100111011111001101000101100101110101
00000001111010111011011110000101111000110010011001000011110001010110010001101010010111000101101100111101100110001111010100010101
10101110110000101011001100100000000010010001101100011001111100101100010101101100101110010100101111101011111101000001001110111010
01001100011001110110001000010000100001110100011111000101001101000011110001010010000100101001100101000010111100110100000011011101
01001011010011000110010010000101100111110110101111000101000100000011010100111000010111000010001001010110001110000100100100111101
01001110110100111010000000111001101111000000101010111101101000101001101111000000000100011001110110000101011001110010001100111100
01000001011110011000111000100011111100101100010001010100000000110111111011010000000110100101000111010000010001001001111110000010
11110000001010000101111000000100111011111111110101001010011010100111110010110110011001100100001110101000110101110101010111001111
11111100000101010000101111111010101101100101110110111101101111001001101110001111100000111100111010000101111011111001001011111100
01010001010111000111010010010100101111000110101111100101010100001011111100001001010101010100001011010111001111000101000100011000
10010110011110001001110100111011111111001011100110100000011100011111101111101101011011111110001110011011101001101010000001000010
10110110010111101001100011101010110010001101110011101100111100110110001010111100101010011110110111011111101001001001001111110010
00001111010001111110100100110000111010010011000100010111001000001111001011001100001110100001100111001010111101100110111011101100
10001010101100111010011100000011100011100000010111100100100011110010110111010001100110111011011100100100110001111010010000000100
00100111110001110011100111111110111010010011111010111110110110100110010001101001011111000011101101111111001000001111001011110111
01100011010001000110010010011110101110100101101111110101101100000001110000001000010100000010101001011111001111001001000100111100
10001110101011000111001000100100001001011011100101111010010101001001110000110100111001110011001001110010110111110110110001000011
11101110101100010010101110001100101101100000101000111011101010101001110111010001110101100111110000000011111001111010001001011110
10000010001011001110110000000000110100001000010011100110111111110010101110110000100110011011111100000101111001111101001111110101
11001100001101000110000000100011100011011000010101101111001110101001101010010110000100110011010011000010111101110010101001101100
10111010000011111001100001110011110000111110010110010100001110111111001000001110011000111000100110011010101100010101010010111011
00001010111110011010011110100001100111000000001001000011000000010000001101000000000100011110110101010100111110001010010100010001
11101111110100100011011100011000011010000001101100101001110000011101110111101101100000111000001000111010111101111001011111011010
11000011000111000100010010001110101111100110101111000100011111001001111100001011111101000010001000011111001111000101000101011001
00010111011111001011110101111001111011000001100111100000100110010111001011101101011110101110101110011111101000100011000001010010
11101111010011100010101000011010000000100100100101111100101010101001111110001100110100110001100111011010110001110101011011101111
11101110010001111011100111111110001110010011111010011110101100001100100011101001001110110011110011111111000111111000101001111100
01010101111010110110001110010100011100110011010100001010111000000111110001110011011111100101101011101101101010111111101101010101
10101101101000111001101101110001011000011011010000011010110011111100100011110011100010110101110100101001110100111010111000000110
11111001010011000100100001010000111010100000110101100101001000110011110011001110000100110100100111001011110001110101000011101111
10010110011110001001110100100010111111001011100001100000000110011111001011101101011010110010101110011011101101100111001101000010
10111111010001100011000111111100100011011011110110100101001101101010000000101011111010011001111100011111101110010100000010110111
10111101001001110011101101011000000001101001000100111010110010111100110111010111100000111101110100000011110000111011011010001110
00010101001101000001011110110101001011011101001100100000000101011101110100011111111001111000101000000011101110100100000000011000
10110000001111000100111000001011110000101000010001111100111010110010101110000100010001001000010100011000011001110101010111001011
11110110001100000110101000000011011001101110110000011000011010101011111110010110000001110011000110001010000001110100011111001000
11100111000110101001011011111110011110111111101000011010010011001100110110101101101001010111001011111000000111001110111100000011
00100010100110101001111001100011000011001000000001110010110111110100001100111101101010011011010000111100100001011110010110000011
00011110010011000101000001110100101011010111110111100111011101001011010000100110011101110001001101001011001111000110110011101101
11010111111001110011000101011100001100110011101110111011100001001011110011101011111101100111111011001011011011101011101001011100
01011001100001110100001011001101000001110100011110011001011101100001110100010010100001000000010001100000010110011001110010101101
00000000101110001101011110100110000101011111111001000010010110010110000110110011000011010111001000110100000101001110111101000001
00011001100001111101001011010101000000110100011111010111011101100100000000010010000001000100010001100000010110011000100010101101
00111011100001010011000111011100100011011010100110100101100111001000010000101011110010011011111101101111101110010110000000111101
01100110010111111001100111111010111010000101010011000101101000110110001011101000011010001111110111001101101000101000101111110000
10101100100000111001101101111001010000111011000000011010100010111100001001000101011010110001110101101000110000111010111010100010
01101001100000011111011000111101010100100011101100010010100001011000111101001001011111000001000001110100010010011111110100000111
01110001010110000011011111111100001111111011101000011010110001011101110110101111111111100110001000011101011010101011111100001110
10111011100101000010010011001110000100101000100110111101110111100010100100000001110111011110111000111111011000111001000010110111
00011000100110011101011011110111100001011111011110000001010111010101011000110111011001111110011000010000110110001110110100001001
10111110110001111111000111000100000011011010011111100011101111001000000000111011101000011011011000111111101110011110100000110101
11001110000101110110101001101010000001101110100010111010111011101001111110000011101001111011000000101011010001111000001000001010
11101110110000100011011000010001001011010000001101000001101000111101010111001100100110111001000111111000111100110000000110111010
01000000000110000100010010000011111110100110111101010100011000010011111110011100000101100100000011010110010011000101110111001000
10010101011111000011110001110110111011001011100001100100010110010011011111101100011111101100101110011111101001100111000011010010
11111111010000100001001000100001010010000001101100001101111100011101110101101100100000111100001111001010111100010001001111111010
10011111100001000010000110111100001011010011100110101011101111001000100100101011111000011011111000110111101111100110001001111100
01000011111010001110011010001101010100000001001001000011100000110100010100110001100110001111011000110100001000001010010100010101
10010100111100111001101101000001001001011001011000011011100011110100000111110111101010111101110100100001110000111010001001000110
10110100101100110001101100110001001001111011011100111010000001111101011101010111101001110101101100100000110000111110011010001011
11010100110100110000100111111100111110100101111010001101101000101101111011011011001001100100110110000001001011101001001111111100
10111010001011001001110001101010010100001100110011111100111110110110101110001101111110011010111110011111110001011101011111110011
11010101101100000000101100001110011100101100110010001100111011100011110110010111110001101100111010000101100001110101001111011001
00000100001110011100100111100110100100111111110011011110001011111110001010010011011001000111010010010110000111001010111000000101
10000001011011110110110001010110111000111011000101110011010011110011011001010110011001100001001111001000111100110101110011001001
00100111100001111110000111101010011110010010100001111011100100101110000010101001111110000011110001111101001100011010111100110111
00010000001111011100000111101110100101111111110010010110010111010111001000010011011001000111110010010010000011001010111000000101
01100011111000010010011000011101111100100001000011000111100010110011100011011001010110000101110101001101011000101011001001010110
00101001010111111001100101111011000100100111101010111000100100011101011101001101111101101100110001011111000011001001001010111110
11000110001001100100000110001110001110101100110100111110101001101011100110110011101001100011110110100011000001111010101101011100
10001000100000001101011001110011000001011111101101000010000111011101101010001000001010111011010001110010011111001110110100001010
00010110011001101101000111100100011110010111111001011110011100001110000011101101001000010110100111100111001110001000101111110001
10111111100001010111000110111100000111011010110111111011111111001010000000101011110010011011011000111111001110111110000000100111
01000000011110011101111001000011111101100101011001000000010000110001111111010110000111101100010010000100010010101001110110001000
01001001100000110010001010000000000000110000011101011011111001100000110100011010100101010001000001100000010110011000011110101111
11101001101100000000011110101011000011001000100100101010100011111000110111010101100011111010001000100000110011111010011000000010
01101010011000011110010001001110111000011010100001110111000010101010000011111000010110000011010111011000011100110110111101100110
11010010010111000100010010000011010111001110111111000100011110001011111000101010001101010010001011010110011111000101110101011001
00010000001111011100110111111111100101111101010011110111000011010011101000010011011001101100110110000110000010010101110010000101
10010110101100001100001100100010100111001100010001100110011111100100111110110100100010011011010110100011110001111010011101100010
01001000100001101010011000110001000001100000000110110001000000001001111111000010000100111001000001000010110011010000110000001100
01101101100001110001101011100100000000110100011110011101011101101001110000010010000001010001110001100010010110010010100010101101
01000000001110000101111111000111111100100111011001001000011000110111110111010101001111100100000011000101110001101001011111001000
11101011110000000000111011111010011100100010100100111011100001001001110111001000111111100001101001011101111011101011001000111110
10010110011100001010010010010000111111001001100001100100101010010111001011101101011110101110101111011111101001101011001101010010
01100011000111000101010011111110011110001110111111001101011110001011010110101001110101000010001011111111001111001100100101111000
01110011111100111010010101001110101100100100010011111101101010100110101110110001010111001110110000101101000001111011001101110110
128,12
10110000111111101100110011100110011100001000010001110001010001011011010111100111110010111111100001001010001101010100101101101010
01101000101011101111000000001010001100111010110100001011100101100100000010010010001101110110000100100010111111010110011101000101
01001001101101110100101101001111000101001001101001011110000011100101010011100010010111100011110011011100100101010000100111100000
00100001101100111001110110010010001010001000001001111010101100111100100111110000100011001110000111110111000011000010100100011111
01101111010011011101011011101101010011001011001100010101101000100001110000000100101101111000011000110100101011111011010000111111
01111111110000111111000111111001100011100111111000001111111110100001110110000001100111000101000001110000101110101101010010100111
10000111110000110010111110111111100010011011010010110010010000110100110100100111011100111011010010111000000000011101101010110000
00100101000000110101110110110101110001001000000011110000011010001001110100101101111100001011100001011101100100111110101110010110
11010101010110111011000010100000110100000100011101110010111110111010000100011110011000011100111000100011001010110101111011011111
10010100111010101000000010010000010100100010000010010011011100010010110001011110101000111100100101111011111110100101110010001101
11000111011011001110111011111111101111101101000101001001000101001011010000011110011101100100100010000111101101101101000010100011
11000110110001100100100011001101110101101101000110011101010111010111011110011111001001100000011110000010111000011000011010010110