bnn
12,128
100100100010
010010011110
111000110111
100111011011
011110100011
011010011000
010110100011
110000011111
010101010011
010110110101
111110000000
001010010101
000011000110
101111101000
000110111111
100010001101
101001101011
001000010000
000010110011
010110110001
001110100111
110101101100
000100100010
011100011111
000011100110
011010000100
101011101101
001000001100
011000100100
100101101110
110111110100
011101110010
111100110001
001101001100
111111101111
100111001110
111111101111
110011110011
001001001100
000111001110
110101101110
100011010011
110101010011
100011011100
101011001110
001000010000
101110101111
001001101011
111101101000
000100010010
001101000100
101110011101
101011000000
001010001000
101110100100
100111001010
111010100011
111110011100
001101111010
100101011001
100101010000
011001001111
011001100111
100101010000
110110000110
111011101111
001111001000
011100010010
111110101100
111110100111
001001001000
000010110011
100101011100
101011001110
110111010011
100101010001
001100001011
100101011011
010001011011
011100110110
011110000101
101001001110
111111011101
100010000101
011100101111
100010011101
111000110010
111101100000
000001111011
101101011100
000010110001
111110100001
100010101111
000101010000
101100111010
001110001101
011010001110
111101101100
110011111111
000001000111
000011001110
111011011101
110111000101
100110100011
011101111010
010110011111
011010000110
000010111111
110011001101
110100101010
111111100000
001110100000
100010111111
101101100000
000001111010
101100001111
011110011101
111011101111
100000011111
110011011011
001000010000
011010111101
011100011001
000110110011
001000100010
010100010100
100110011111
100011000111
128,128
11100110011101000111001101011000100000100000010001111110010010011001111110001001110110100101111100000011001000000001001010001110
01011011100011100000100010000101011111011101101100010001101001100110001001110010001001001000000001111000110010101110010101110000
00101111011101010111001001111011100000000101000010111110110010111101100100100100101100110011010111000110000010000000000110110110
11010100001001111100010010110100010101111001110010110110010111001000100011001110010111011100111101100111010111111111111111001101
10001000101110011010101000001001000100010010000101101001111010111111000000101110110100011001000010101011000110110110100000111100
01010000010001001001011010101110001010101111010111100000001110010010101010110110001001111100010001110101100000000110001110000110
10001100111101111101110011111000110100110000110011111110110010110010001110001010101101011011010110010111001001110100100011001100
10100010110110100011100011111110011110010111000000101000000011111100010111010001101101110010100000111111011100110100010000011111
00000101010000111010100101100000011111010110101100011101010101010111100111111111100111001110101100001111011111001011011001111111
10101110110100000110101010000111100001001110011101001100100011011001010100110011010100101001100000010011000101111100010110011011
10110101011110010000111011111100010111110110001000110011010110011110110011010001110101010100101100111011001001111101110000001101
11010011000000101000000101100100101110111101101100110001011001000010101011111011000010001110111110011001111111000011001101100011
11101010011011001001111010011101101000010000001011100010001000101101010100000001110010110010001011100001100001110100100010101100
00011101001001101101010100100101000011001100010111010111111101000001101000101110010011001001001111100000100011011011101111110010
00110111010100010111010100100110101000000111010100101010000111010010111110110100101101010111010001110101000000000001001110100110
10101110111011101111101011011011100010000000011011111111110000101101110100000001100110110001001011010011000101111101010000011000
11101110111111010110111010010011110001000110001011001111001110111101000010000100111101110001000000000010000000111100100010010100
11110011000000100010011100000101100111001110001100000000001111000101011110110110010110110100101001111101010000001001011100011011
00110101010100010100000101110010101000110111001110111100010101001100100010000110111111000110100101000110011110001001111111100101
00101110010101010111101001001011100000100101010010111110010010111001100100100001101101100011010011000110000010000101010011100110
10110011110110010010101110000001100011000110001101000001010010101001010100111100111110101111100000110001011000001001101100010010
00100110010001011101010000111110011011111101111010000110001101010100111111010100001101101110101101000111110101001010011111100111
11010101000000101000000100100100011110101001000100100000011001000010101011111111000010001101101110010101111111000011011101100111
00010000100001001000011010100110111101101111001101001000101110110110001010110110010001111001011001110100100000100110010110010001
00000000010001011001010000110110011101111001001010001111101101000110111011000010011001011101101001000100100111101111000110100001
10011111001001101100010100100101000011001100011111010101111101000011101000101110011010101101001111100000100111011011101101111000
10101010101011001001111001001101000110001000010001101111101011101010110100110001010010111001010011101000101010110110000000001000
00100101001011001101001001111101100000100000010010101111001111010001101010011010000000111111011111000001101001010111000010000100
00110011111100111011100111000001110000000111110101000001101110111001010110111110101110101010100000110101010100001001001100110010
11111110101101100011100010000010101011010110100110000110100100001100010101110100000001100011101000111101110001101100110101010001
00010010100001001000011010100111111001101111000110101000101010110110001010110110011000111011011001110101100001111110010010000000
10001110100001001111101000101011111011001110000100001101101110010011000100111010100001111011011000000011000001110100010110011001
00110001100100001111011100000100100000001010011111011000110011110000001100111110011010111001000111000101100101010101001010110010
11100111000110001110101111011011100000100000111001111110110010101001111110000001000110100001011010010011011101000001001011001110
01010111011001010101111000010010100001001101010011011101011110011011111010011110100001010111010101000000100011011111100111100110
11111011110110110010101111000100011111011111101101010011110100100111010101101111111011000000100000111101010110001010111001010011
10011110110101101111100000000011001101000111001100011111111000000110010100100010101001011011001100100111100101111110010111011001
11010001000000111100001100000001010100010001110101010001011100000011001011111111011011001100111110101100110101000010101101100110
10010000100001001110011010100111111101001111000100101000001110110110001010110111001001111101010001110101100001110110010110101000
00000100111011001011100010101011110000111010110101101011000110110111000111010101011010110110010001011100100000000111001000100110
00010000100001001100010001010110111100101111010111111001001110110010001010010110011000111101011101010100100000110111001110000100
00010001000111111000000000100100111010110111001100100001001101010110101011011110001001001110000010111110110110010011011101100011
01000001000100111000010101111110011110111001001000110001011101000110101011010111011111001100000011111100011010001001101001000110
00010000100001000000010100100110011111101111100110001001001111010110011011001110011001011001000101101100100010101111011100000011
10111110101101010111101010001000100001001110010101001110100010011001000100111111000100010011110000000011101001110110010110011001
10101011100010001111001011000001100101101110010111001000000110011001011100111101100000110001010000010001001001010100000010111000
00010101011100110110100101100000111111010111100000011100010100001011000011100110101101000111110100100110010010100001110111110101
10111011101110001011101111001001100000010110100001111000110010110101000101111101100100111011001110111011111000011000100000011100
01001011110010110000101110000100111111011110101101010011110100100101010101110101111111001010100100111110110110101000111101010011
01000001001001110000011101111010011100110001100010110010011100010110101011001000001111010000110111101100110110001010111011100111
00111010100011001111001100000101101010000100011111010001101101100001001100111110010010101011001010000001100101010011001110110010
01010001111100110100000101000000111001100111000001011101010110011011001010111110101101001110110100100110111010001010110101110111
10101011001000001011011100000111101001001110001101000101101001111111110000111110010010011011100111100000100110011010011100110010
01011000001011101010010010110011011110110011100011010101011010111111101001101101011000001000111110111100110111001011011100000011
00010100001001101000011000111000111000110000110011111010111100000110101111001000101001000011011110101110110001110111100011100100
00010100111100000111000001000010010000010101110010011100010110010010001011010110101101001110010110111110010010110001100111100110
00001100011111101101000011111001010000010000110110111111110010010011100001011000101001011011010110001010001000110101100011001000
10001100001111101100010011111110011100111000110010101111001000111010101010001001110101010101011111001010101111110110100010001001
11110011000000001100001100111111101010001000001111000000101001000111011110011001010110111001101111000001100101011011011000001011
01010000101001011000011110010100011111001011101111010011111101000110001011001110010011011100101011111001100011101111111000110001
10011110010001000111101001100010100001000110011100001111100010010110010101100110100001011011111100000011100111110110010100011011
10110101001101010100100101110010011111100111001000011100010100001100110111011100111101110101101100000111000100011001111000001011
01000100001111101000110011101000011101110101111010111110001001100110100011000001101111000100010111111100111110110000010011010101
01011101110100100110100101000000010101010101101101010100011110000001000011101111111011001100111100101100111101001011111101010111
10100011000010001110011100101111001110101000101111100001111001101001100010101111010000111001001111100001101101000110011100111010
11110001100110111000011110010100010111111000111111000011100101000100010011011111010011101100101001111001111111011010111001001001
00111000110110101010100111010001011111010100101100000010101001100100010001010001111011001000100000011110111110101110110101010001
01011000110100110011100100000110011011011110100101010001111000101100010101110110101111000000100100111110010110101010111001010011
01000000000001011001010100111100111110111001000100111001011110010110101001001010001001001110010010101100100010001111110101100010
11010111000001011101010101010101100000101100011010011101011101010011101010001110000011101101011111000000100001010111110111101010
00110001101110000100010111000011111000000111010001101010011011011001011010110100011101110111010110010100000000010000100110110000
11011101011001110010101101010000001101010110001001010111111100001100110000101010110100000101101110001011011111000010100001011111
11001000100010101000111010001101100000011000110111100001101001100011011001010111010010101100011011111001111101110110001001011110
11100001101011010100011111011101010110101000011011100110010101101001111010011100010010010100110011011000001110001001001010101100
10101101010100100101100101101011100000000000010000101100000010101000110000110001100100100011010000100110010110010000001111001100
10111010001000010111101000010011110010000010010001001011101110111011001110011110000110111011111001100011100000001101101100111000
00111101010101000111000100111011100010000001010010100000000011110000110010010010101110111001010001010100010010001000001010110110
01001100000011101101110001111110001111111001001010111111110000100100111000000001001101010101000101001100100011101110110011000000
01000111110101100011111100001110101001010101111100011110111111000100000101100011101011001010101001101101110101001011111111010111
10000100100111001101001011101001010100100001110011111100010011110001001000011001100000010101010011011110001000110101000110000100
01101110011110110111100101011000100000010000101000010111010000001101110101001000100110000110100110001011011111111001111001100100
11010000101001001100010001010110010100101110010011101001100110010010001010011110010000011101010101010100101011110111000110000010
11111001110110110000101110000000011111010111001101010011100101101011010101111100110111001100111000111011010110101000101101011011
01101100011101010001111000111011111101000111000010011110110010111100110101010000101111010011110100001111001011111101110010010101
10000100101110010101010111011101110000101000110010101101100011010011000010011010110100110101010010110000001000010110000010101100
01100101001110110000001110011101011110111001111111010101011001101001010001000101111010101000101111111100111100011011111100010011
01000000111010110000100011111000010101110101100000111110010010010111100011001001101101000110111001011110001010100000110001000111
01011001101110001000000110011001011111111001101111011011011011101001010001001001111010110100001011101100110100001011111100000010
11000100011100110000101001111010010111110101100000110110010010111000100011000001101101010100111001111110001010101000110001000101
01111010101011000101011010011111100000101000010011100011000101111000011000010000000000110001010011010000000100110000000010100000
10011001100001001001010100100100011110001111100110000001001110100110001011111110011001011100101101101000100011101110010100000001
10111110110110001111101011000111000011000110010101001100100011011001010100110110110100101001111100010011001001100001000110011011
00000100001101000100011011111010110100110001010010011111010010100011101010010000111101011100010011001110001010110101100010001100
10010001100000001000001010100110101111101111000100001000001110010110001010110100011000111101011000110100100000100110010010001000
00110111010100000111000110110011100000100101010010011100010110110110111110110110001011111011010001010100110000001000101111100110
11101110010110100110101110001111100011001110011101000110100001101001010100110111110110100001000000000011011100111000001011011000
10100011110110000010101110000110101011101110000101000011000110111101110110110101000110100011101001110001100100001001001100011011
00110011010111001011000111111011101011100101010000110110010111110100110010110101101011110111000001110100100000000010110100100110
10001110011101001101000011111001100000110001110110101111001011110010001010011001100100110010010010000011101011110110100010001100
00100100001101001110000011111111100000101001011010101110001011010001101010011000010000111101001011000001101001010101000110101100
01011000100000001001011000101111111100101010000110100000001010111011001000110011000000111100011001100000100001100110000100001000
10000000101011001100101011001011110100110000110001101101000100111011001010011001100100011011010010011110001000110101100010001100
00000000110110001110000011101011110100110001110010111110000011110100000111010001111100000110011011011111001000010100011010000101
11011100101011011100001010010100001100111111101011011101101011011111001001001010010001011101101010011000101011111111010100101011
00100111011100100101000101101011100001000000010000100100100000101000111100110011101100000011010100100110010010010100001011101100
10010000101011001100010101010101010100101111010011111101000110011011001010011110010100111101010001010110101010000011000010001010
11101111011111110111100101001000000101010000101000010111110000101101100101101000100100000010100110101011011110011001111101101111
10110011100010010010001110000110101011001111001100000000001111111100111100110110010111111001001101110001110000001000011100111011
11101110110011111101111001011011000111001000110011001111100101101001010100001001110010110001101001000001111001110101001010011100
00010100111011010101011001000011000000000000110011001111001110011001000001010110111101111011010010101010000010111100100111010100
00100000111110001000010011111111110010000000010110101010100011111100011110010001110100010011010001010111001000110101011010011000
01000000001111011001010111110100010110110001100011010111010100010010111011000001011001010110111010111110111110011011101011000101
11101011010110101110100111001001000000100110010001111000110001101001010100111111100000100011010110010010001000000010100010101110
00101110010000111011101000101000001111010100101100010100101000100100100101101011101111001010101000101111010111101111011001011001
01000101011001001101011100111011101000000001010010011111011100000111101000001110101010101111011111000100110011011011101111100010
11111001100000010011101101000100101111001010001101000111110101001100111000101111010010011101111100100001010101010010011101011001
00011010100000001000010110101111101000101111010111101000001010110110001000100000011000110001011001100100100011111110000100001000
11100001001110110000010111111100110100111001111011110010011001001011100011000101011011000100100111111100011110011001101001100110
11101010101011001001111001001001000101001010100011000011101110111010010101010001010000110001011001110001100001110100001000011000
00101111010011000111010110100110100010001101011000111110010011010100101000110011101001111111110101110100101110000000111111110100
01000001101110111000111111001101011110111001101101010001011001101110000011101001111010001100001111111100111111011011111001000111
01110011100010010011011100000101101011001110001111000000001111010011100100111110000010001010001000100001110110001010011100111011
00010101000110101111000100110000101101110101001100011000000001000111001011111110101001001010100110011110011110000011110111100001
11101110010000111011100000101110001111010100101100000100101001000110110101100001100011101010101000101011110101101111111001011011
00101111011011110111101101000000000000010101111000110110110110001001110101001001101111000000100110001010011110001001110111110110
11101100001101010011111101110010011111000111001011011110110100111100110000001100100111110111100100000111000101001101110100011101
00101111010001111011101000101000101111010100101100000100111001100100100101100011101111001010101000101001010111101100110001110001
10111011100101001111001100000101001000000000001111010001101101100101001100111110000010111011001110000101100110010011001110110010
128,4
01010010101101000010011011000101001111000101011011000111100111110111110100000110101100111010000000000001001100010110000110111110
01010101000100000010111110110010100010111111000001101101111100101100101011010000010011010110111001011111010100000001110111100001
11000000110111010100101101001111100111000001110110101100001110011111000010000010011001010001010100000101001110001101101010000011
10100100110101100111111011011111110011010101111100111000000011011000010100111110000010000011011111010000100100101110000101111111