bnn
12,128
000000000000
000110001010
010100110111
000100010011
110010110011
001001001100
110101011011
000011011111
100011100011
100111110101
101010011000
100111110101
101111011000
000101100000
110110111111
001010001000
100101001110
010100100011
010010110011
001000001011
110011110111
011001011001
110101100011
001100110000
010111110111
011000100100
001110111100
001000011111
000001110000
011011110100
010011110010
101101001001
011101100000
101111111100
011001111111
000111001111
001110111111
011000001010
011110101000
011000000011
100101100010
001001110111
111101111110
111011101111
100100001000
100001011100
110100101011
100100000011
101011101100
110001011001
011110000100
101110111011
011010110100
101100011100
101100010100
010111101111
111000011011
010111110111
000000001011
010011101010
111101110111
000010010000
010000010011
000010111111
110110110011
011010101111
110101011001
000100101100
001010011101
010010100111
111101101000
010110100011
001001001100
111001011100
101001110111
111101001100
011100001010
111001010100
101001001011
100110100110
111000100000
111111011100
111100001100
110010010100
011001101111
101010001000
001110001000
011010110001
111001000000
011001101011
000000110000
010111100100
011101111110
011000111001
101111011000
101100001000
001010101100
111001101100
011011101011
100110110101
111011001111
011101111010
101100110100
001101110011
111001001111
000110001011
000110010101
100100101011
100001000000
110101100111
000100010001
000011100100
010010111111
010010100001
011101001111
110010100111
101111011111
110110001111
100111000010
100001111011
011010000100
011110011100
011011100100
111001111001
011000100010
110101011001
010010000011
101100001011
128,128
00110000110111100111001111111101101000010100110101101111101011101001100100101100100100011011110100010111001000101010000011111000
00111101100010111011001010000001010111111011000110010111111110110100100110111011111001010000000100001010110110000011110000000011
11110000010110010010011111101000110100000000110101101110101001001010101001000100110001101010011100010000001001110101000011110110
10011000000111001100101111101101110001101010110010101110000011000011001001000101100101011011011011000000001011110001001111101100
10111011101011010111110100011010010111001000110100010010111001111100100000001101010000010010001101000101000111100000101001001001
00110101110101001010101011000110000011001111010101101001000000111110010000100101000110000101100101010111000010010110110010101000
11000011010110000101001010001011110001101000111110010100101100000001101011010001110001011010111000101000110100101001011100110001
00110000110100100000111011011001001110000101000011001111110011011010010110100110010101000001011100010011001001111011110010110100
10010110110001101111101110011101001011111111011001010001111110101111001010101010100010000110110010111101110100100011010101011110
11111001110111000111101111010010001010011100000110000011011010011000010100100000000001010010011000011011001011010100110000101011
11101010101000011111011111010111101001111010001000010001111110101001011001001100100010001011010000111101100101000111001101101100
01010110110110000101000000010011001111011111101100010111101100111101010110100011100001101001010100011111111100000010111100001011
01111111110001101010000010100010010111101011011110010001010100011100100001110011011010000100101010101110100110011010011100000100
11100001110111110110101110101011010110000000100111011000001001000000100001000101000100010010001100010011001111111101110011110100
00001001110100101110001111001011011100010110000111101011010011101010010011110101000011101101101000111111000000011011110110101011
01000111000011011000010100100001010111101110111011100101000100010111101011111011011011100110111111101110110100011100101001010001
00100000100011000010111111101110110000100101000010101011010001100000010101001100100100011011010001010000001011110101001011111110
01101000111100100010101011011111001011010000000001101000111101001010010100000100010100111111010010111001001001101111010110101110
01100000000100101100011011110100001110001100010011111111010011011011010011100100000111000011010010010101001001111010110110111100
11001110000010010001010100011101111100110000011101010100111001101101101010011010101000101010011011100000111100101100001001011110
10111000001011010011010101011110000001111101000100111010111010101100110100101101110010011111010100010011001011100101000011001010
01111010100000110111100001110000001111010001101100100001111000111101110100101011000100100101010110001011110001100111110010101011
00010101000001101001011010010100001101111011001000010001011110101101010100111011111010000100100010101110100110001010101100001010
00111010110001101101001011010110101011111111011000010001110110001100010000111111100010001101110101111100100111000011110110001000
01001111011010001011110000001001011100110000010011010100111110010010011011010010001111000100001011101000111101000011010101010111
10111000100011100110101111010110000001111011001100111011010010111100110101011001010100010001100001101010000011110101111011001010
10000100011011010001000101101101110011111110000010010110010011010001001010111011111001100001101011010010111110110110101011101001
10000100010011001000000110100101110000101110110010011110010001000011101011010101110101011001101011010010000010110000000101111100
10010100110011001000101110001111110001001011110110010100000110001001101010001101111010001110111001110110000110010000001100111100
11111011110110100111111010111010001101001101100101010000011100101101110100001000010010010100010000101001111101111100111000010111
10000100011011000000000110111101010000101011010011011110010010000011101011010111111100111011001011010110000010110000000101001000
01011111101000110011011000010010001111111111001100110001101100110100110100101011110001110100100100101111110100001100111010000011
10111101100011000100110101011110000101011100100001011000010010101110110000101111011110010111000101000011100111110110101100001110
00111011100001100110101110000110000001111011001000001001011110101100110100001101000110010101101001100110000011010101011010000010
01000001011111110010101110101010010110000100110111101110001001010010100001000101010101111010101100010111001000111101101011110111
01111011101000110110011001010010001110001101101000111000101100111111110100101000001011110100000101101011101101101111111010010111
01010111101101111000100000000011110111111011011010010101011100011110100011111011011010000100101011001100110110011011110100001001
00100111010111001000111100000011111100011110010111011000000100101010001101100110001010001100001001101011100011110011010100100101
10010100011011001000100111001101110001111010010110000011010101001010001101000101101000001011011000010000010010110000001110111000
00001100001000001000010111101100111011100011010010101111000011000101101011010100111101101101111111010110000000010010100011110000
00000100001001101000100111100100011000100001000011111000000111111111100001011111011110000111100111101001000011011110001111111110
00101100010100001101011001111100101000010010010010111111110011000101101111011110111100101001110110011010101000101010000011100010
00000110100001101101001100110100101101011110001110110001110100010001011000001011100011001001110010101101110111000010101110101000
01010101010111010000000000101000010110100101110111100110000001010010100111111110011001110000001101000010001000011000100010010011
01111011110010100110111010011011001110001100110101010000011111111010010100101010000010010110010000111001011111101101111100000111
01100100010110101100011001011101100000010110000111110111110010000011001010100110100001001010010100011011111101101011010101111101
00011000101001110011100100000010000011100101101000111000011111101100110101011001111110110010110011000100000110011100101010001010
00111011100001100110101110010110100101101010000100011001011110101100010100001101000100011101000001101000000011110111011000001010
11111110000000001101111010010101101001111010001000010000111110101101011000111010111000001011000001001100110111000010001100001001
00100101000001011000010111110100011010100011110011101110110011010111100010011110111110010101100011001100001010010100001011111101
10111010111110001111001110110111111001010111101110110000111110101100011100100000100000011000011010111011010001100111010000101000
01000110011110011000010000100001110110110111110111100100100001010111101011110010011011101001011111101001110100000100100011110101
01110001110101101010101011011010001110000110000001101011010010011010010000100100001111110001110100111011101001011011110010101111
00011001100011101000101010100111010111101011110110110010010110011100110001111001010010010100101000001010000010011100111110000010
10000100000011111000010111110100011000100011111011111111010011001001100011011101010101010110101011000010001000111010001011101000
11100110010110110010010100001000100100000000100111101100001001000010100011000100000101101011010100010000011001101101011001110101
00001100001011011110000100001111110001011101101110001010001011100010000110101101100111111010011101100111000110110000000000101010
00110011101001110011100111100110000011100001111010101010001001011101110100001001110100110101110111100110001010011101101011000010
00111000110011100110111111011110101010110110000000011000011111101000010100100100100100011110000010110001001011100011100110101010
00111001100111101010100010100111011101000111001010111011000100001100110000111001010110110100101000111111000011011010011101001000
01111011101000111111011001010010001110010100101100111000101100111110110110101010001111110100000101101011111101001111100010000111
01111010101000110010000101110000001011110001001100100001001000111101110100011001111101110101100111101110111010010111111010000010
00011011110001101000100011000110010011101001011010111001010100001100111001011101011110110100101011101010000011011000011011000000
01001111100000110011000000010000001110010111011100010001101110111101110100101010011010100100101100101001111101001110100000010011
11111011110010100111111010011011001101001100000101010001101100111110110100100010000010010000000000111001011111001101101100000111
00011001101101100000100011110110000011100111101000111011000110011100110000111101010110110101101011101111101010011010011111001000
11110011100011010011101110011011011111111011111100010011111000111100100100101011010000010010100101000010010110100100101001000011
01101111100000111110110001010010001111000101101100110000001110111100111100100010010010100100100000101100110101001100110010010111
01110101000001011000100110000010010100101010011011010110010100011111100001010111011010100100101001111010010111111011011101000001
10111000010111110110010100101011010100000000110111011010001001000010100001000110001110111010001100010001011011110100111011110100
10111000110101101110101101011110101010010110000101101000100100111000010101100100100101001111010000110011000001100011100110100011
01011111101001111110001000010010011011110001101100010001011100110100010100111011010011110100100111101001110101001110110010000011
00111101000000101101011000010101101011111110001001010000110110101111011110100010100010010111110011111101111101000010001100011110
10010000100011000100101111001101110001111010110110001010010101000000001101000101100000101111011001010000011011110100001101101000
00101010110100111110101011110010000010100001101000111001001111111110010100010000010100011001001000110100010001101101110110110110
11000100011110011001010100111001110110110110110111100110101001010011001110110010111001101011011110010001111100100010100001010101
01100000110100101010111011101001001010000100000011101111110010011010010011100100000101000001111000010011101001001011110110110110
00000110001000111000010001101100111000100011111011101100000001000111100011011111111111100111110111100100010000011001001111010100
10001010100000101111011011010111101000011001001000011001111110101001011101001000100010101101110000100100111101100011011100011010
10000100011111001000110110001111110000101010110011011000010111001010001001000100001010001011011001010000000111110000001100011100
00000100001001101110011011100100100000111011011110101111010010000101001111010100101101001000100111101100100101011111011010100001
10010110010111001000001111101111110001110010010111100010010101001000001000010101101100001011011011010100010010110001000111101000
01100101011111010000001001100000110110000010100110101110001001010000110101010101011101111001001101001010000010011100111010100001
11000100011110111001010001110001111010010110111011100110100001010011101011100110111011101010011110011011111100001010100011110001
10010101011110000000011100001101110000101110010011011110100111000010001011111100011000010111101101100101100110110100001100001100
11010101101111100000100010100010010101101001010101010111010110011110100001011111011000000111101001011000110110011010111101000100
01001110011100110111010000101001111110010100010111011101101011110011101111100010100101111011011100010001011100101100110100110111
11010001100011000001101100101011010111011011110110000011001100000001101110001011010001001010111100100110010010110001011000101001
01110001110100101010011011110000001010000111010001101011110100011010010000100000010110000101100010111011111011001011110011100110
00000100001011101000000111100101010010100010111010111111010001000011100011011101011101111001101111001110000000100011011011101000
11000111010100101101110010010000011110000000010001010001111110011111001011010010001010100101001000101000111010000010111101010101
11111010111110011111111011011011101000011100000101010000101100101000011100100000000011111110010000110101101011100110000100111110
00011011001101110000100010000011011101100011011001011001001100011010101001011111011100110100001001101100100111011011011101000101
11001001011110101010101011101010110110000100100111101100101001111011101111000101000101101011001000010011011001001101110011110111
10111111000100100111110010011101001001111101011001010001110110101111001110100010110010010111110011110101111100100010000101011110
01001101101100111011011000110010001110000101101001110001101100111110110110101010010111010100110100101111101100001110111000000011
01100110010110101000011110010101111010000100000011011001110001010011011111010110101011001000001110111101011100101010010101010100
00111001110111101110101011001111001110000100110111101110010011111010000100100110000100000010000000010011101011111010100010111100
10111000010111100111101111101010000110010100010101101110100001111010000101100101100100001010011100010011001110100001100000110000
11011010110000101111110111011110101001011011011001010001111100101101011001101001100000001010110011110100111101000011000100011110
10000101011111001000110111001111110001101010010111011100010101001001001011010100101000001011001001110100000010010000010101111000
00000100001010011000010101100101110011100100011010111111100001010001101011111111111001111011011111001011100000100110100010101010
10011101010110010010110100101011010100100000100111101010101000101010100101010110111111111011001101010010001101111101001011010110
01000111011011110000010000100101010110101011111001010101000101010111101011011111011011110101111111111100011110011100111101010100
11111010110101011011101010011010100111001011001101010001100100111110011101010001010100100101000000110100010011000011001100000101
11000100011110010111000101100000110010110101100110100111000001000000001111011110101101101001011110001010111000100100110010101001
01111010110100110111000011010010001111010101101100101001111111111100110100101011110010001101010111000000010000001111111011100011
01001111100001011011010000110000001101101011011011010001011110110111111010011010011011001100101111101100111110000010011101111111
01001000100001101110000101110110110011000000100010101111000001010101001110011001010101110000001001000010011000011111011010100011
11111000000111010101110100101101110000000100110101101010101001001010100000001110001100111011010101010001001001110000000011111100
11010100101011001000111111001101110001111000010110001000010101001010001101000101101000011011001001010000010011110000001101101000
00001100011100101000000011000100111000110111001010111111110011000101001111010000111101101000111111011010110000000111000010100010
11111011111100100111101010010011110111011001101100010001001100101000011100110001110001010100001000110010011111000101101000000011
11000111001100011001100000011000001110001010011001000111111100010111001011111010011010000101100010101100110100001010111101000111
11000110011110011000010100100001110110011110110111100111101001010111101011100011001001101000011110000010110100001000101101110101
01111111111100101011000010010010101111011011001100010001101100111100010100110011001010100101100100101100100100001010110100000001
10000010000011001000111111101111110001101010110010101110010001000011001011000101101100011011011011010000000011110001000101101100
10010101000011001000111010001111110101011110010001011110000110010010000011110110111010011111110001101011100111010000010100100100
10111000000001101110101111011110001001111000010000011010011110101100010101011001011110000111100001000100001011110010001000001010
10000110001011011100010101110101100001111011001010100101110111000001011011010111101011101101110010101100100111000111010111011100
10011001101001101000100010100110010011101011111010111001000100011100110001011001011110010001101001101100010010010101011111000000
01111001011101111010111001111000001110010111000001101011011001100110010000101100000110100101001111000011101011111011100010101111
10110101100011000000100110001011010101011011010101010010010110011110100001101111011010110110101101001011100111010010011101001001
11010111101100100001010000011011101111011110011001010101101110010111100010110010001011100100101100111101110101001010100100011101
10011000001011010110010100001101110001111001101101000000010011100010100110001011110001111010011101010010001100110101001101011010
01101010010100100111000000110011101110000000101100110101101010000011010110000000101011000010110010110100111101001001010001010010
10110111000011000000111100101011010111001111010101010010011110001010100001111111011010000100100001001010100111010010001100001101
01101001111000101010101111010111001001000000000001111011111110011010010101000100010111111111000010111011001011101111010111100110
128,4
01100010000011010001011110000101001110001001001001010101010111111101110100100100101101000010110100000111001110001111000010010100
00010101111010101110001110011010100011111110010111001110001100000100101011101111010011001110101001011000100100110101111101100011
01001110111110100100111101001101110111000010101110101100011111111111101110100010000001011011001110010000101100001101001011110111
00100001111101100111010010000000001100000110010010111001001010010011011010111011100100101011110111110000101001011111010101010101