bnn
20,96
00110001100110100110
10100010011001001001
00101001111011000101
01000101001101110011
11001010100001101110
11000110100001001100
10000101100100110111
10100011101010000001
01001000111111001000
01111101101011111010
01011111001101101000
11011001110110011000
01100111100000100010
10010101111000001100
01110100110111011000
01011110011011101110
01110111111100111100
01101110001100010101
11001111101011001000
00100110101101010101
10010010100011110000
11110101011101001001
11001100110010001001
10001011110100010001
01011000101111011100
01010101011011011101
10000010101011010101
00111011110111001101
01001010111011001100
10101110001111010010
11000010111011101100
10011010101010011001
01111011100011111010
00010110010011111101
01110011000111101100
10011110111011001101
01110110010001100111
10101110011000000111
01111111011011110000
10000010001101011110
11000100001001111111
11010111011100110011
10000010111001001011
10110111000101010111
01100010010110011001
00111101001101110001
01010111100110001000
11001100100011001100
11000100011001101010
00100011000100000001
01111110111111100100
11100011101111001110
01000010010111001100
11100110010101111111
10100110101110001001
00111100111001010001
00011001010101110000
01000111111111011100
00011111111011000000
10100110001000110011
10001001110100001110
00111110110001000001
00100110011000110011
10101010000101110111
10010000110101100000
11011100111110001000
01010001010101111110
00111111010010110001
10100100010011001100
10111001001111011100
00011001000001100001
01101101001011111010
00010010001111100000
00010010000110000000
00001010111011110110
10111111010101110011
00111111010000111101
11100011011110001011
10000100001011011010
11101110001001011101
11111110101010100010
11100011010010011111
00010101011111110001
00101110110110010001
01111100011110110000
10010011011110011011
11011001010110001000
01111111100101000011
10111110110001001001
01111011100111010000
11100010111111010011
01110000001111100101
01011000010111001000
00000111000101110111
00110010110001110011
11000000010110111000
96,96
010100110101110000001100111000000110111101011100010001101001000111010010000110111111011001010111
001011101000110000010011001111110000110000101001100011110000101101001000001010011100000110000000
110000010000101010011110001001110111110111101010110011110001001001011001111001110111010011111111
011010001001011000100011110100111000000101001111101100110110100011101110001010100101111001000001
111010011010110011011001010010000001111000001110010010001100100111011010111011011011101101010000
110000011110010000100010010110111110101000001001000101100100111100010011001111010101010000100000
010000011000100011000101010000010100010111001010100001100101001001000000011101001101010000110111
101010001111010110100000000110101001101010010111100010001110111100110111000110011100011110000000
100101110010110001000100001111000000100011110001111111110100110110000000110101100001001110100100
110000100000101000001000001100001010111011001110101000111101011110001010101111001011100000110110
110011101000011011010010001110100100110010000011100111100001111100101100001101001100000010100011
100001101001100100000000010000110110111111001011101001100001011001010011101000111010010010111100
100101110101101011100101110000101010000101110100011001010101111110100100000010100101010101100110
010101110010101101001100000111000111101011010010111011011001011000111111110001000110010000111110
101110100110000111101111101111101001001000110100001000011101000111001110111000100010111000001011
100100111101011111010011110001111001001000001100010011011010110101011011000111011001111110000010
010001110100001101011101110000000000110111111010110101111001011101001011111101101111100010100111
000001010010100000001000001111001110111011000100011011011011011101010011011010010011100110111010
000000001111101100001000100110001111101111000100001011111110010110110111110101010010111101111000
100001111100101111001000010100001010101101101011001110111011001010010000100001101010110011111101
001100010101011101001010111000010000101110101010000000110011011010011000000110101101011110010110
001100010101000101011010110100011101111001010100011000011110011100010011111111101011010001001110
000001011010110011100001010010000100010000001011100100100111101000010110110111010100110101011001
011011111010011100101010010110111111001100001011100110100111010110101100110001101000011000101011
100011111001110110000010001110100100110111101001100011110001111000000000001100111101000110110000
100100110101111010111101111100101110101001111110010110001100000011000100000000100001101101010111
100100100000111110111110001001101110101101010111011110000110000111101101101001000010111000010011
110110010101010101111110000101101111011011110101000011000001111100101001100101101110010000100110
010000110100011001011010011011110101110000101001000011110001000001011000101101101001011000110011
001100110101101100010011100001111110001100111100101101111000111101110001111101110011100111101110
000010110001110100100010111000111100001100101011100100010010000011001010001100100100011001110111
101100111010101001001101001111000000001001010100011011111000111111000011101001011001101100110010
100101110000110011011110001000000100110111110000110000010001001110000000000110111101000010110111
010110101000100101000111100011010000110110101001101101100000110101001100010001110101011010011101
100100110000110011010101100001000110110111110100110011110001101100000110100101100111000100101111
010100001011111110101011111000110010000100101111101100011110000011101000001010110011011011111001
011000111000011101000111111110110001000000101011100111100100100111001000000001110000011110110001
001100001001101010100011110000110011001100001011001100100110100011001000000000100110110101011001
100000011010111100101010101111101101111001000111001011101110011001010001111101011000101101011000
100000000011111110100001101000100010000101010111001101110010101010100000001110010010111001011000
010000000011010010001100111011010111010111011000110010011111000110111100110110110010111010011111
111001110100011011010011000111001011010100010100011101011110110110011110001110110101111001010010
001011111111101100001000101110001010001100100001001100010010011111010001111000111000100011011010
000010111101110000011011001011011001010010001001100011010011010111001001001110011001000010010011
000111000010110010100100010010100110110111001111100111100101001000100110000110110100000101011101
110111100010000010100110001111100101110011010001111101000101000111101110001001000110101000001100
100100110000100000001111001001001000110111111100010001111001011110000010001110110011101100100110
010000110101100001010001111000010000010001011100000001100101010010001010101001001011100111100110
100100010011110001000110000011000000110111101001110011100001110100010111000110110101011100000101
001011001110101011011001100110001000101100100100101010111110101110100100110101111000100111111010
010100101000100100101111111001110111000101111011010100001010100001101011010000100100011111110100
000100111111101111111101100001011000000111100110011000111011000111000010110000101011111111011111
101001010100010101001100110111001111001000010110001010001011001000110111110110110111110011001011
011111010111001001011000110111000110110110110000110100001101011010000100110101101011010100100111
010000000011011001000100110000010111000110011100110000100000000111101110110111101001011000011010
011100110101010011110111110001110111000000011100010100001000100110001110000110000111111100100111
010011001000100110011110001011101111110111000011100111000011000000110101110000100110000010111111
110011001000101100101000111110100110110111100011101100110111001010101100001000110000100001011011
001111001111101110001100110101011111001100001110011110001001010010110111110110010010111001011110
011011001000011001101010010110100111000000100011101110001110100000101101000100101100000010111001
010011001000111100100010101111100001110010001011000110100110111000101110001001011000000010011001
011111001010000001110110010110000011111010001000111111000101010000111111000011110100000101011000
011100001111010011110101010000110011000101011111100111101100101000101100100111100101011100001100
100100001111101011011001101001011001001101010101011010111010100111010000111110011001101111001110
010011000100101001010000101111001000111101010100001001101111011111110111111101011011100111011110
011100011111111101010111110100110101001010101011000001010010110001011011011110011100011111110100
000000111001010110001011111101111001000000101001000000111010110101001101000000001011011110101010
110001110100110011010000000110000000110111110001100001010100111100000010001011111101000111110100
101101110101101011100011100001001000001100110100001100010101101100000110001011110110100011100110
001100000101000101011010110000011111101001011100001001011010011011011111111110111111110011111111
101100001111101100101000010110001111001101000110101000011100011110110111110001110010101101011000
000111011110110110000100011111001110111101000011100111000111001100100111000101010100000111011100
010001110001000001000111101001110000010110011101100101100001000101011110111101010011111010001011
100100000011111110101000001110101010100111010110011110101111011010100100001010000001010001010010
001111001100001101100010111110101101000000001011001111100110000110101100111101000000110001101111
101011111101011111111101001001111111000000110010011100011010000011011001110000101010101010000111
110100110001100001010101100001010000101111011100010001001100100100010110001101001111011100110100
001011101100000101011011110110011111100000100001001110110010011000111111000001001000000010101000
100010010110011010101000001001001100101001010101001000011010111111110011001100001000111101000011
000010111111011011101010011000100000101101101011101101100001001110001000110101100010111010001001
010101010000001001010100110111001011110011010100110101000101011110011110111101101111010000100110
100001011100111100101100000110101111101011110110111010010111011010110111000000000010010001110100
101100000000011110101010111110100110000011001111011110000100111010101100001101000111111101110000
011101111100101011011111111111101011101010001110111111111100000011101101100000000111001001111101
010100011011110011011001111011000100010011011010001001001101001011011000111110011010111000011101
101011101010011111111110100000101111101111000011101010011110100000100101110000011110100110000101
000111001111100100100010111000111100110011001011100000000011001001100011111001000000010110100001
101110000011000110101000111101111111001000010101011111000100010001111101111011001010111010001011
100100100000101000000011101001111000001111011100001001011100101101010010001010010111100111111010
010011001010111110110110011111100110000010000011100100000111101000100101111001000100010111011001
100110010011100100100001100101100010000101010101001100101010101000010011110101000110110101001000
100100110011111110100011011001110000000101011000010111100100000111001000000101000001011101010111
011011101010000100100100010010100011110110010011100110100101010000101100110001100110000000111001
101110011110111000001010001111001000001011000100010010011010111001010111001010011101101101010010
000101010110101001001100110000001110011101110110111110101011001010110111110001100010110111101101
010101011111011011010111110110000000110111011010110111100101001000001100010111110101001101001100
96,16
010110010001000101100110000001010100011001110001110110000010110111101111100001100000011110100100
000100001000010001011000111011100001011100011111010110010100101010100011100100101100011010100100
100011011100111101111000000101100000001001100001010111000110011101110101010111111111010111011110
100111010000110100000110011000010011010101001000101010010010011001010111010010100111010111110111
110110011111101110011011111010111010101011110010010100100101100101100000011101110111100010010100
100100001000000101000111000110110000000011110011100110100010000110110100101100000000110000000010
101111001010101001101100101110110000000010011010100000101100110111011111000100010000111000001100
000100101100101010111010011001100110111111001111010101110111011110001010111110011010101010111011
001100100001011010111001001011101101110100100000001110001111100001111110100101010001011011101010
000011110110110011100111001000010000001001100101010011101111110010000110011001101111110101001010
101000001101110011111100110001011010001110111010110110001110000111011111010000010100011011100111
101010100000011111000101001110011010000010010011101111011010000110100000100110101001100100001110
011111100111000100001011101100100101111110011100101000101111111001100001011000010010101101011001
010001011010111010010001100100001110100001001000110011011101111000011001001101011000010001001011
111011101111010011000010101010111110001100011111101001001100100010011001110010101101101011111100
111101101111100110011100100111011111100001000011100000110000011011111100000011011000000010010001